n=5,k=3,n_chips=2
-1 -1 -1 
-1 -1 -1 
-1 -1 -1 
5 -1 -1 
5 -1 -1 
---
n=5,k=3,n_chips=3
-1 -1 -1 
-1 -1 -1 
-1 -1 -1 
4 -1 -1 
5 5 -1 
---
n=5,k=3,n_chips=3
-1 -1 -1 
-1 -1 -1 
4 -1 -1 
4 -1 -1 
4 -1 -1 
---
n=5,k=3,n_chips=4
-1 -1 -1 
-1 -1 -1 
-1 -1 -1 
4 4 -1 
5 4 -1 
---
n=5,k=3,n_chips=4
-1 -1 -1 
-1 -1 -1 
-1 -1 -1 
3 -1 -1 
5 5 5 
---
n=5,k=3,n_chips=4
-1 -1 -1 
-1 -1 -1 
3 -1 -1 
5 -1 -1 
4 4 -1 
---
n=5,k=3,n_chips=4
-1 -1 -1 
-1 -1 -1 
3 -1 -1 
3 -1 -1 
5 4 -1 
---
n=5,k=3,n_chips=4
-1 -1 -1 
3 -1 -1 
3 -1 -1 
3 -1 -1 
3 -1 -1 
---
n=5,k=3,n_chips=5
-1 -1 -1 
-1 -1 -1 
-1 -1 -1 
3 3 -1 
5 5 4 
---
n=5,k=3,n_chips=5
-1 -1 -1 
-1 -1 -1 
-1 -1 -1 
5 3 -1 
4 4 4 
---
n=5,k=3,n_chips=5
-1 -1 -1 
-1 -1 -1 
2 -1 -1 
4 -1 -1 
5 4 4 
---
n=5,k=3,n_chips=5
-1 -1 -1 
-1 -1 -1 
2 -1 -1 
5 5 -1 
3 3 -1 
---
n=5,k=3,n_chips=5
-1 -1 -1 
-1 -1 -1 
-1 -1 -1 
4 3 -1 
5 4 4 
---
n=5,k=3,n_chips=5
-1 -1 -1 
-1 -1 -1 
3 -1 -1 
3 -1 -1 
4 4 4 
---
n=5,k=3,n_chips=5
-1 -1 -1 
-1 -1 -1 
2 -1 -1 
4 4 -1 
4 4 -1 
---
n=5,k=3,n_chips=5
-1 -1 -1 
-1 -1 -1 
2 -1 -1 
2 -1 -1 
5 5 4 
---
n=5,k=3,n_chips=5
-1 -1 -1 
-1 -1 -1 
4 -1 -1 
3 3 -1 
4 4 -1 
---
n=5,k=3,n_chips=5
-1 -1 -1 
-1 -1 -1 
3 -1 -1 
4 3 -1 
4 4 -1 
---
n=5,k=3,n_chips=5
-1 -1 -1 
-1 -1 -1 
2 -1 -1 
5 3 -1 
4 3 -1 
---
n=5,k=3,n_chips=5
-1 -1 -1 
-1 -1 -1 
2 -1 -1 
5 -1 -1 
4 4 4 
---
n=5,k=3,n_chips=5
-1 -1 -1 
-1 -1 -1 
4 -1 -1 
3 3 -1 
5 3 -1 
---
n=5,k=3,n_chips=5
-1 -1 -1 
-1 -1 -1 
5 -1 -1 
4 3 -1 
3 3 -1 
---
n=5,k=3,n_chips=5
-1 -1 -1 
2 -1 -1 
2 -1 -1 
2 -1 -1 
5 3 -1 
---
n=5,k=3,n_chips=5
-1 -1 -1 
2 -1 -1 
2 -1 -1 
4 4 -1 
2 -1 -1 
---
n=5,k=3,n_chips=5
-1 -1 -1 
2 -1 -1 
2 -1 -1 
5 -1 -1 
4 3 -1 
---
n=5,k=3,n_chips=5
-1 -1 -1 
3 3 -1 
2 -1 -1 
4 -1 -1 
4 -1 -1 
---
n=5,k=3,n_chips=5
3 -1 -1 
3 -1 -1 
2 -1 -1 
2 -1 -1 
3 -1 -1 
---
n=5,k=3,n_chips=6
-1 -1 -1 
-1 -1 -1 
1 -1 -1 
4 4 -1 
5 3 3 
---
n=5,k=3,n_chips=6
-1 -1 -1 
-1 -1 -1 
-1 -1 -1 
5 3 3 
4 4 3 
---
n=5,k=3,n_chips=6
-1 -1 -1 
-1 -1 -1 
3 -1 -1 
4 2 -1 
5 3 3 
---
n=5,k=3,n_chips=6
-1 -1 -1 
-1 -1 -1 
3 -1 -1 
4 3 -1 
4 3 3 
---
n=5,k=3,n_chips=6
-1 -1 -1 
-1 -1 -1 
2 -1 -1 
4 4 -1 
4 3 3 
---
n=5,k=3,n_chips=6
-1 -1 -1 
-1 -1 -1 
-1 -1 -1 
4 4 3 
4 4 4 
---
n=5,k=3,n_chips=6
-1 -1 -1 
-1 -1 -1 
-1 -1 -1 
4 3 3 
5 4 3 
---
n=5,k=3,n_chips=6
-1 -1 -1 
-1 -1 -1 
2 -1 -1 
3 2 -1 
5 4 4 
---
n=5,k=3,n_chips=6
-1 -1 -1 
-1 -1 -1 
1 -1 -1 
4 3 -1 
4 4 4 
---
n=5,k=3,n_chips=6
-1 -1 -1 
-1 -1 -1 
1 -1 -1 
4 2 -1 
5 4 3 
---
n=5,k=3,n_chips=6
-1 -1 -1 
-1 -1 -1 
2 -1 -1 
4 2 -1 
4 4 4 
---
n=5,k=3,n_chips=6
-1 -1 -1 
-1 -1 -1 
3 3 -1 
1 -1 -1 
5 4 4 
---
n=5,k=3,n_chips=6
-1 -1 -1 
-1 -1 -1 
1 -1 -1 
3 2 -1 
5 5 3 
---
n=5,k=3,n_chips=6
-1 -1 -1 
-1 -1 -1 
3 3 -1 
3 2 -1 
4 4 -1 
---
n=5,k=3,n_chips=6
-1 -1 -1 
-1 -1 -1 
4 2 -1 
3 2 -1 
4 4 -1 
---
n=5,k=3,n_chips=6
-1 -1 -1 
-1 -1 -1 
2 -1 -1 
4 4 3 
4 3 -1 
---
n=5,k=3,n_chips=6
-1 -1 -1 
-1 -1 -1 
4 2 -1 
4 4 3 
3 -1 -1 
---
n=5,k=3,n_chips=6
-1 -1 -1 
-1 -1 -1 
2 -1 -1 
3 3 -1 
5 4 3 
---
n=5,k=3,n_chips=6
-1 -1 -1 
-1 -1 -1 
2 -1 -1 
3 3 -1 
4 4 4 
---
n=5,k=3,n_chips=6
-1 -1 -1 
-1 -1 -1 
-1 -1 -1 
3 3 3 
5 5 3 
---
n=5,k=3,n_chips=6
-1 -1 -1 
-1 -1 -1 
3 3 -1 
3 3 -1 
4 3 -1 
---
n=5,k=3,n_chips=6
-1 -1 -1 
-1 -1 -1 
3 -1 -1 
4 4 3 
3 3 -1 
---
n=5,k=3,n_chips=6
-1 -1 -1 
-1 -1 -1 
3 -1 -1 
3 3 -1 
5 3 3 
---
n=5,k=3,n_chips=6
-1 -1 -1 
-1 -1 -1 
4 -1 -1 
5 4 3 
2 2 -1 
---
n=5,k=3,n_chips=6
-1 -1 -1 
-1 -1 -1 
3 2 -1 
3 3 -1 
5 3 -1 
---
n=5,k=3,n_chips=6
-1 -1 -1 
-1 -1 -1 
3 2 -1 
4 -1 -1 
5 3 3 
---
n=5,k=3,n_chips=6
-1 -1 -1 
-1 -1 -1 
4 2 -1 
5 2 -1 
3 2 -1 
---
n=5,k=3,n_chips=6
-1 -1 -1 
-1 -1 -1 
4 -1 -1 
4 3 3 
3 3 -1 
---
n=5,k=3,n_chips=6
-1 -1 -1 
-1 -1 -1 
4 2 -1 
4 3 -1 
3 3 -1 
---
n=5,k=3,n_chips=6
-1 -1 -1 
-1 -1 -1 
4 3 -1 
4 3 -1 
3 2 -1 
---
n=5,k=3,n_chips=6
-1 -1 -1 
-1 -1 -1 
3 -1 -1 
5 2 -1 
4 3 3 
---
n=5,k=3,n_chips=6
-1 -1 -1 
-1 -1 -1 
3 2 -1 
4 -1 -1 
4 4 3 
---
n=5,k=3,n_chips=6
-1 -1 -1 
-1 -1 -1 
3 -1 -1 
4 4 -1 
3 3 3 
---
n=5,k=3,n_chips=6
-1 -1 -1 
-1 -1 -1 
3 -1 -1 
2 2 -1 
5 4 4 
---
n=5,k=3,n_chips=6
-1 -1 -1 
2 -1 -1 
2 -1 -1 
2 -1 -1 
4 3 3 
---
n=5,k=3,n_chips=6
-1 -1 -1 
-1 -1 -1 
2 -1 -1 
5 3 -1 
3 3 3 
---
n=5,k=3,n_chips=6
-1 -1 -1 
-1 -1 -1 
3 -1 -1 
5 5 3 
2 2 -1 
---
n=5,k=3,n_chips=6
-1 -1 -1 
1 -1 -1 
-1 -1 -1 
5 2 -1 
4 4 3 
---
n=5,k=3,n_chips=6
-1 -1 -1 
2 -1 -1 
2 -1 -1 
4 3 -1 
3 3 -1 
---
n=5,k=3,n_chips=6
-1 -1 -1 
1 -1 -1 
2 -1 -1 
1 -1 -1 
5 5 3 
---
n=5,k=3,n_chips=6
-1 -1 -1 
1 -1 -1 
2 -1 -1 
1 -1 -1 
5 4 4 
---
n=5,k=3,n_chips=6
-1 -1 -1 
2 -1 -1 
2 -1 -1 
4 2 -1 
4 3 -1 
---
n=5,k=3,n_chips=6
-1 -1 -1 
1 -1 -1 
3 -1 -1 
3 -1 -1 
4 4 3 
---
n=5,k=3,n_chips=6
-1 -1 -1 
1 -1 -1 
3 -1 -1 
3 -1 -1 
5 3 3 
---
n=5,k=3,n_chips=6
-1 -1 -1 
1 -1 -1 
1 -1 -1 
4 -1 -1 
5 4 3 
---
n=5,k=3,n_chips=6
-1 -1 -1 
2 -1 -1 
2 -1 -1 
5 -1 -1 
3 3 3 
---
n=5,k=3,n_chips=6
-1 -1 -1 
1 -1 -1 
3 2 -1 
4 -1 -1 
4 3 -1 
---
n=5,k=3,n_chips=6
-1 -1 -1 
3 -1 -1 
1 -1 -1 
5 -1 -1 
4 3 3 
---
n=5,k=3,n_chips=6
-1 -1 -1 
1 -1 -1 
1 -1 -1 
5 -1 -1 
4 4 3 
---
n=5,k=3,n_chips=6
-1 -1 -1 
1 -1 -1 
1 -1 -1 
4 -1 -1 
4 4 4 
---
n=5,k=3,n_chips=6
-1 -1 -1 
3 -1 -1 
2 2 -1 
3 -1 -1 
4 3 -1 
---
n=5,k=3,n_chips=6
-1 -1 -1 
1 -1 -1 
4 -1 -1 
4 -1 -1 
3 3 3 
---
n=5,k=3,n_chips=6
-1 -1 -1 
-1 -1 -1 
2 2 -1 
4 3 -1 
4 4 -1 
---
n=5,k=3,n_chips=6
-1 -1 -1 
-1 -1 -1 
2 2 -1 
3 3 -1 
5 4 -1 
---
n=5,k=3,n_chips=6
-1 -1 -1 
-1 -1 -1 
1 -1 -1 
2 2 -1 
5 5 5 
---
n=5,k=3,n_chips=6
-1 -1 -1 
-1 -1 -1 
2 2 -1 
3 2 -1 
5 5 -1 
---
n=5,k=3,n_chips=6
-1 -1 -1 
-1 -1 -1 
4 -1 -1 
3 3 3 
4 3 -1 
---
n=5,k=3,n_chips=6
-1 -1 -1 
-1 -1 -1 
4 -1 -1 
5 2 -1 
3 3 3 
---
n=5,k=3,n_chips=6
-1 -1 -1 
-1 -1 -1 
2 2 -1 
5 -1 -1 
4 4 3 
---
n=5,k=3,n_chips=6
-1 -1 -1 
-1 -1 -1 
4 2 -1 
5 -1 -1 
3 3 3 
---
n=5,k=3,n_chips=6
-1 -1 -1 
4 -1 -1 
3 2 -1 
2 2 -1 
4 -1 -1 
---
n=5,k=3,n_chips=6
-1 -1 -1 
-1 -1 -1 
4 4 -1 
2 2 -1 
5 2 -1 
---
n=5,k=3,n_chips=6
-1 -1 -1 
-1 -1 -1 
2 2 -1 
4 2 -1 
5 4 -1 
---
n=5,k=3,n_chips=6
-1 -1 -1 
-1 -1 -1 
3 2 -1 
5 -1 -1 
4 3 3 
---
n=5,k=3,n_chips=6
-1 -1 -1 
-1 -1 -1 
3 3 -1 
3 3 -1 
5 2 -1 
---
n=5,k=3,n_chips=6
-1 -1 -1 
4 -1 -1 
2 -1 -1 
3 2 -1 
5 2 -1 
---
n=5,k=3,n_chips=6
-1 -1 -1 
4 -1 -1 
3 -1 -1 
2 2 -1 
5 2 -1 
---
n=5,k=3,n_chips=6
-1 -1 -1 
3 -1 -1 
3 3 -1 
1 -1 -1 
4 4 -1 
---
n=5,k=3,n_chips=6
-1 -1 -1 
3 -1 -1 
4 2 -1 
1 -1 -1 
4 4 -1 
---
n=5,k=3,n_chips=6
-1 -1 -1 
2 -1 -1 
1 -1 -1 
4 2 -1 
5 2 -1 
---
n=5,k=3,n_chips=6
-1 -1 -1 
2 -1 -1 
3 3 -1 
1 -1 -1 
5 2 -1 
---
n=5,k=3,n_chips=6
-1 -1 -1 
-1 -1 -1 
1 -1 -1 
4 3 3 
5 4 -1 
---
n=5,k=3,n_chips=6
-1 -1 -1 
1 -1 -1 
1 -1 -1 
3 3 -1 
5 3 -1 
---
n=5,k=3,n_chips=6
-1 -1 -1 
1 -1 -1 
1 -1 -1 
4 2 -1 
5 3 -1 
---
n=5,k=3,n_chips=6
-1 -1 -1 
1 -1 -1 
1 -1 -1 
4 3 -1 
4 3 -1 
---
n=5,k=3,n_chips=6
-1 -1 -1 
1 -1 -1 
2 2 -1 
3 -1 -1 
5 4 -1 
---
n=5,k=3,n_chips=6
-1 -1 -1 
1 -1 -1 
1 -1 -1 
5 2 -1 
4 3 -1 
---
n=5,k=3,n_chips=6
-1 -1 -1 
2 -1 -1 
3 3 -1 
3 3 -1 
4 -1 -1 
---
n=5,k=3,n_chips=7
-1 -1 -1 
-1 -1 -1 
3 -1 -1 
4 3 2 
4 3 2 
---
n=5,k=3,n_chips=7
-1 -1 -1 
-1 -1 -1 
1 -1 -1 
4 4 2 
4 4 3 
---
n=5,k=3,n_chips=7
-1 -1 -1 
-1 -1 -1 
1 -1 -1 
5 3 2 
4 3 3 
---
n=5,k=3,n_chips=7
-1 -1 -1 
-1 -1 -1 
4 1 -1 
3 1 -1 
4 4 3 
---
n=5,k=3,n_chips=7
-1 -1 -1 
-1 -1 -1 
3 2 -1 
3 1 -1 
4 4 3 
---
n=5,k=3,n_chips=7
-1 -1 -1 
-1 -1 -1 
3 2 -1 
4 3 2 
3 3 -1 
---
n=5,k=3,n_chips=7
-1 -1 -1 
-1 -1 -1 
1 -1 -1 
4 3 3 
4 4 3 
---
n=5,k=3,n_chips=7
-1 -1 -1 
-1 -1 -1 
3 -1 -1 
3 3 3 
4 3 3 
---
n=5,k=3,n_chips=7
-1 -1 -1 
-1 -1 -1 
3 2 -1 
3 2 -1 
4 3 3 
---
n=5,k=3,n_chips=7
-1 -1 -1 
-1 -1 -1 
3 3 -1 
3 3 3 
3 3 -1 
---
n=5,k=3,n_chips=7
-1 -1 -1 
-1 -1 -1 
1 -1 -1 
4 4 2 
5 3 2 
---
n=5,k=3,n_chips=7
-1 -1 -1 
-1 -1 -1 
3 1 -1 
3 3 -1 
4 3 3 
---
n=5,k=3,n_chips=7
-1 -1 -1 
-1 -1 -1 
3 -1 -1 
4 3 2 
5 2 2 
---
n=5,k=3,n_chips=7
-1 -1 -1 
-1 -1 -1 
3 1 -1 
3 3 -1 
5 3 2 
---
n=5,k=3,n_chips=7
-1 -1 -1 
-1 -1 -1 
3 2 -1 
4 1 -1 
4 3 3 
---
n=5,k=3,n_chips=7
-1 -1 -1 
-1 -1 -1 
3 1 -1 
4 1 -1 
5 3 2 
---
n=5,k=3,n_chips=7
-1 -1 -1 
-1 -1 -1 
3 2 -1 
4 3 2 
4 2 -1 
---
n=5,k=3,n_chips=7
-1 -1 -1 
-1 -1 -1 
3 1 -1 
4 4 2 
3 3 -1 
---
n=5,k=3,n_chips=7
-1 -1 -1 
-1 -1 -1 
4 1 -1 
4 3 2 
3 3 -1 
---
n=5,k=3,n_chips=7
-1 -1 -1 
-1 -1 -1 
3 -1 -1 
4 4 2 
3 3 2 
---
n=5,k=3,n_chips=7
-1 -1 -1 
-1 -1 -1 
3 2 -1 
3 3 3 
4 2 -1 
---
n=5,k=3,n_chips=7
-1 -1 -1 
-1 -1 -1 
4 1 -1 
2 2 -1 
4 4 3 
---
n=5,k=3,n_chips=7
-1 -1 -1 
-1 -1 -1 
3 2 -1 
2 2 -1 
4 4 3 
---
n=5,k=3,n_chips=7
-1 -1 -1 
-1 -1 -1 
3 3 2 
2 -1 -1 
4 4 3 
---
n=5,k=3,n_chips=7
-1 -1 -1 
-1 -1 -1 
2 -1 -1 
4 3 3 
4 3 3 
---
n=5,k=3,n_chips=7
-1 -1 -1 
-1 -1 -1 
2 -1 -1 
4 2 2 
4 4 3 
---
n=5,k=3,n_chips=7
-1 -1 -1 
-1 -1 -1 
2 -1 -1 
5 2 2 
4 3 3 
---
n=5,k=3,n_chips=7
-1 -1 -1 
-1 -1 -1 
2 2 -1 
4 2 -1 
4 3 3 
---
n=5,k=3,n_chips=7
-1 -1 -1 
-1 -1 -1 
3 3 -1 
3 3 -1 
4 2 2 
---
n=5,k=3,n_chips=7
-1 -1 -1 
-1 -1 -1 
2 -1 -1 
4 4 2 
3 3 3 
---
n=5,k=3,n_chips=7
-1 -1 -1 
-1 -1 -1 
2 -1 -1 
4 4 2 
4 3 2 
---
n=5,k=3,n_chips=7
-1 -1 -1 
-1 -1 -1 
2 -1 -1 
4 4 2 
5 2 2 
---
n=5,k=3,n_chips=7
-1 -1 -1 
-1 -1 -1 
2 2 -1 
4 1 -1 
5 3 3 
---
n=5,k=3,n_chips=7
-1 -1 -1 
-1 -1 -1 
2 2 -1 
4 3 -1 
5 2 2 
---
n=5,k=3,n_chips=7
-1 -1 -1 
-1 -1 -1 
3 2 -1 
3 2 -1 
5 3 2 
---
n=5,k=3,n_chips=7
-1 -1 -1 
1 -1 -1 
1 -1 -1 
3 3 -1 
4 3 3 
---
n=5,k=3,n_chips=7
-1 -1 -1 
2 -1 -1 
3 2 -1 
2 -1 -1 
3 3 3 
---
n=5,k=3,n_chips=7
-1 -1 -1 
2 -1 -1 
3 3 -1 
3 1 -1 
3 3 -1 
---
n=5,k=3,n_chips=7
-1 -1 -1 
1 -1 -1 
1 -1 -1 
3 2 -1 
4 4 3 
---
n=5,k=3,n_chips=7
-1 -1 -1 
3 2 -1 
1 -1 -1 
3 -1 -1 
4 3 3 
---
n=5,k=3,n_chips=7
-1 -1 -1 
3 2 -1 
1 -1 -1 
3 -1 -1 
4 4 2 
---
n=5,k=3,n_chips=7
-1 -1 -1 
3 -1 -1 
2 1 -1 
3 -1 -1 
3 3 3 
---
n=5,k=3,n_chips=7
-1 -1 -1 
3 -1 -1 
2 1 -1 
3 -1 -1 
4 3 2 
---
n=5,k=3,n_chips=7
-1 -1 -1 
3 -1 -1 
2 2 -1 
3 -1 -1 
3 3 2 
---
n=5,k=3,n_chips=7
-1 -1 -1 
3 3 -1 
2 1 -1 
-1 -1 -1 
4 4 3 
---
n=5,k=3,n_chips=7
-1 -1 -1 
4 2 -1 
2 1 -1 
-1 -1 -1 
4 4 3 
---
n=5,k=3,n_chips=7
-1 -1 -1 
-1 -1 -1 
4 2 2 
3 -1 -1 
4 4 2 
---
n=5,k=3,n_chips=7
-1 -1 -1 
1 -1 -1 
2 2 -1 
4 -1 -1 
4 3 3 
---
n=5,k=3,n_chips=7
-1 -1 -1 
2 -1 -1 
2 2 -1 
4 -1 -1 
4 3 2 
---
n=5,k=3,n_chips=7
-1 -1 -1 
2 -1 -1 
2 2 -1 
4 -1 -1 
3 3 3 
---
n=5,k=3,n_chips=7
-1 -1 -1 
1 -1 -1 
3 2 -1 
4 -1 -1 
3 3 3 
---
n=5,k=3,n_chips=7
-1 -1 -1 
2 -1 -1 
3 2 -1 
4 -1 -1 
3 3 2 
---
n=5,k=3,n_chips=7
-1 -1 -1 
2 -1 -1 
1 1 -1 
4 -1 -1 
4 4 3 
---
n=5,k=3,n_chips=7
-1 -1 -1 
2 2 -1 
1 -1 -1 
3 -1 -1 
4 4 3 
---
n=5,k=3,n_chips=7
-1 -1 -1 
1 -1 -1 
2 1 -1 
4 -1 -1 
4 4 3 
---
n=5,k=3,n_chips=7
-1 -1 -1 
3 1 -1 
1 -1 -1 
4 -1 -1 
4 3 3 
---
n=5,k=3,n_chips=7
-1 -1 -1 
3 3 -1 
1 -1 -1 
3 -1 -1 
3 3 3 
---
n=5,k=3,n_chips=7
-1 -1 -1 
3 2 -1 
1 -1 -1 
4 -1 -1 
4 2 2 
---
n=5,k=3,n_chips=7
-1 -1 -1 
2 -1 -1 
3 1 -1 
4 -1 -1 
3 3 3 
---
n=5,k=3,n_chips=7
-1 -1 -1 
3 -1 -1 
1 -1 -1 
2 1 -1 
4 4 4 
---
n=5,k=3,n_chips=7
-1 -1 -1 
-1 -1 -1 
2 1 -1 
3 3 -1 
5 4 2 
---
n=5,k=3,n_chips=7
-1 -1 -1 
-1 -1 -1 
2 2 -1 
3 3 -1 
5 3 2 
---
n=5,k=3,n_chips=7
-1 -1 -1 
-1 -1 -1 
2 2 -1 
5 3 3 
3 2 -1 
---
n=5,k=3,n_chips=7
-1 -1 -1 
-1 -1 -1 
1 -1 -1 
3 3 3 
4 4 4 
---
n=5,k=3,n_chips=7
-1 -1 -1 
-1 -1 -1 
2 1 -1 
3 3 3 
4 4 -1 
---
n=5,k=3,n_chips=7
-1 -1 -1 
-1 -1 -1 
1 1 -1 
3 3 -1 
4 4 4 
---
n=5,k=3,n_chips=7
-1 -1 -1 
-1 -1 -1 
1 -1 -1 
3 3 3 
5 3 3 
---
n=5,k=3,n_chips=7
-1 -1 -1 
-1 -1 -1 
4 -1 -1 
3 3 3 
3 3 3 
---
n=5,k=3,n_chips=7
-1 -1 -1 
-1 -1 -1 
2 1 -1 
3 2 -1 
5 4 3 
---
n=5,k=3,n_chips=7
-1 -1 -1 
-1 -1 -1 
2 2 -1 
3 2 -1 
5 4 2 
---
n=5,k=3,n_chips=7
-1 -1 -1 
-1 -1 -1 
2 2 -1 
5 3 2 
4 2 -1 
---
n=5,k=3,n_chips=7
-1 -1 -1 
-1 -1 -1 
4 -1 -1 
4 2 2 
3 3 3 
---
n=5,k=3,n_chips=7
-1 -1 -1 
-1 -1 -1 
2 1 -1 
2 2 -1 
5 5 3 
---
n=5,k=3,n_chips=7
-1 -1 -1 
-1 -1 -1 
2 1 -1 
2 2 -1 
5 4 4 
---
n=5,k=3,n_chips=7
-1 -1 -1 
-1 -1 -1 
1 -1 -1 
3 2 2 
5 4 4 
---
n=5,k=3,n_chips=7
-1 -1 -1 
-1 -1 -1 
1 -1 -1 
4 2 2 
4 4 4 
---
n=5,k=3,n_chips=7
-1 -1 -1 
-1 -1 -1 
1 1 -1 
3 2 -1 
5 4 4 
---
n=5,k=3,n_chips=7
-1 -1 -1 
-1 -1 -1 
1 -1 -1 
3 3 2 
5 4 3 
---
n=5,k=3,n_chips=7
-1 -1 -1 
-1 -1 -1 
5 2 2 
3 3 -1 
3 2 -1 
---
n=5,k=3,n_chips=7
-1 -1 -1 
3 -1 -1 
2 2 -1 
4 2 2 
3 -1 -1 
---
n=5,k=3,n_chips=7
-1 -1 -1 
3 -1 -1 
2 2 -1 
5 2 1 
3 -1 -1 
---
n=5,k=3,n_chips=7
-1 -1 -1 
-1 -1 -1 
1 -1 -1 
5 4 2 
3 3 3 
---
n=5,k=3,n_chips=7
-1 -1 -1 
-1 -1 -1 
2 1 -1 
4 3 -1 
4 4 2 
---
n=5,k=3,n_chips=7
-1 -1 -1 
-1 -1 -1 
1 -1 -1 
5 3 3 
4 3 2 
---
n=5,k=3,n_chips=7
-1 -1 -1 
-1 -1 -1 
2 -1 -1 
5 3 3 
3 3 2 
---
n=5,k=3,n_chips=7
-1 -1 -1 
-1 -1 -1 
4 2 -1 
3 3 -1 
4 2 2 
---
n=5,k=3,n_chips=7
-1 -1 -1 
-1 -1 -1 
4 -1 -1 
3 3 2 
4 3 2 
---
n=5,k=3,n_chips=7
-1 -1 -1 
-1 -1 -1 
4 1 -1 
4 2 -1 
3 3 3 
---
n=5,k=3,n_chips=7
-1 -1 -1 
-1 -1 -1 
4 1 -1 
4 3 -1 
3 3 2 
---
n=5,k=3,n_chips=7
-1 -1 -1 
-1 -1 -1 
4 2 -1 
4 2 -1 
3 3 2 
---
n=5,k=3,n_chips=7
-1 -1 -1 
-1 -1 -1 
4 2 -1 
4 3 -1 
3 2 2 
---
n=5,k=3,n_chips=7
-1 -1 -1 
-1 -1 -1 
4 -1 -1 
5 2 2 
3 3 2 
---
n=5,k=3,n_chips=7
-1 -1 -1 
-1 -1 -1 
2 1 -1 
4 2 -1 
5 3 3 
---
n=5,k=3,n_chips=7
-1 -1 -1 
1 -1 -1 
2 2 -1 
1 -1 -1 
4 4 4 
---
n=5,k=3,n_chips=7
-1 -1 -1 
-1 -1 -1 
3 1 -1 
2 2 -1 
5 4 3 
---
n=5,k=3,n_chips=7
-1 -1 -1 
-1 -1 -1 
2 2 -1 
2 2 -1 
5 4 3 
---
n=5,k=3,n_chips=7
-1 -1 -1 
-1 -1 -1 
2 2 -1 
5 1 -1 
4 3 3 
---
n=5,k=3,n_chips=7
-1 -1 -1 
-1 -1 -1 
2 1 -1 
5 2 -1 
4 3 3 
---
n=5,k=3,n_chips=7
-1 -1 -1 
-1 -1 -1 
4 2 -1 
3 1 -1 
4 3 3 
---
n=5,k=3,n_chips=7
-1 -1 -1 
-1 -1 -1 
4 2 -1 
4 4 2 
2 2 -1 
---
n=5,k=3,n_chips=7
-1 -1 -1 
-1 -1 -1 
1 -1 -1 
4 3 2 
5 4 2 
---
n=5,k=3,n_chips=7
-1 -1 -1 
-1 -1 -1 
2 -1 -1 
4 2 2 
5 3 3 
---
n=5,k=3,n_chips=7
-1 -1 -1 
3 -1 -1 
1 -1 -1 
2 2 -1 
5 3 3 
---
n=5,k=3,n_chips=7
-1 -1 -1 
3 -1 -1 
1 -1 -1 
2 1 -1 
5 4 3 
---
n=5,k=3,n_chips=7
-1 -1 -1 
-1 -1 -1 
3 3 -1 
1 1 -1 
5 4 3 
---
n=5,k=3,n_chips=7
-1 -1 -1 
-1 -1 -1 
3 2 -1 
4 2 2 
4 3 -1 
---
n=5,k=3,n_chips=7
-1 -1 -1 
-1 -1 -1 
3 3 -1 
1 1 -1 
5 5 2 
---
n=5,k=3,n_chips=7
-1 -1 -1 
-1 -1 -1 
3 3 -1 
2 1 -1 
5 3 3 
---
n=5,k=3,n_chips=7
-1 -1 -1 
4 -1 -1 
2 2 -1 
2 2 -1 
4 3 -1 
---
n=5,k=3,n_chips=7
-1 -1 -1 
-1 -1 -1 
3 1 -1 
2 1 -1 
5 4 4 
---
n=5,k=3,n_chips=7
-1 -1 -1 
-1 -1 -1 
2 1 -1 
5 1 -1 
4 4 2 
---
n=5,k=3,n_chips=7
-1 -1 -1 
-1 -1 -1 
2 2 -1 
2 2 -1 
5 5 2 
---
n=5,k=3,n_chips=7
-1 -1 -1 
-1 -1 -1 
3 1 -1 
2 1 -1 
5 5 2 
---
n=5,k=3,n_chips=7
-1 -1 -1 
3 -1 -1 
1 -1 -1 
2 1 -1 
5 5 2 
---
n=5,k=3,n_chips=7
-1 -1 -1 
2 -1 -1 
2 -1 -1 
1 1 -1 
5 4 3 
---
n=5,k=3,n_chips=7
-1 -1 -1 
-1 -1 -1 
2 -1 -1 
4 2 2 
5 4 2 
---
n=5,k=3,n_chips=7
-1 -1 -1 
-1 -1 -1 
2 1 -1 
4 1 -1 
5 4 2 
---
n=5,k=3,n_chips=7
-1 -1 -1 
-1 -1 -1 
1 1 -1 
5 1 -1 
4 4 4 
---
n=5,k=3,n_chips=7
-1 -1 -1 
3 -1 -1 
3 2 -1 
2 1 -1 
4 3 -1 
---
n=5,k=3,n_chips=7
-1 -1 -1 
2 -1 -1 
2 2 -1 
4 1 -1 
4 3 -1 
---
n=5,k=3,n_chips=7
-1 -1 -1 
2 -1 -1 
3 1 -1 
4 1 -1 
4 3 -1 
---
n=5,k=3,n_chips=7
-1 -1 -1 
3 -1 -1 
2 1 -1 
4 1 -1 
4 3 -1 
---
n=5,k=3,n_chips=7
-1 -1 -1 
2 -1 -1 
2 -1 -1 
4 2 2 
3 3 -1 
---
n=5,k=3,n_chips=7
-1 -1 -1 
2 -1 -1 
2 2 -1 
4 2 -1 
3 3 -1 
---
n=5,k=3,n_chips=7
-1 -1 -1 
2 -1 -1 
2 -1 -1 
4 3 2 
3 2 -1 
---
n=5,k=3,n_chips=7
-1 -1 -1 
2 -1 -1 
2 2 -1 
4 2 -1 
4 2 -1 
---
n=5,k=3,n_chips=7
-1 -1 -1 
-1 -1 -1 
3 1 -1 
4 3 2 
4 3 -1 
---
n=5,k=3,n_chips=7
-1 -1 -1 
-1 -1 -1 
1 1 -1 
4 3 -1 
4 4 3 
---
n=5,k=3,n_chips=7
-1 -1 -1 
-1 -1 -1 
1 1 -1 
4 2 -1 
4 4 4 
---
n=5,k=3,n_chips=7
-1 -1 -1 
-1 -1 -1 
1 -1 -1 
3 3 2 
5 5 2 
---
n=5,k=3,n_chips=7
-1 -1 -1 
-1 -1 -1 
2 1 -1 
4 3 2 
4 4 -1 
---
n=5,k=3,n_chips=7
-1 -1 -1 
-1 -1 -1 
4 1 -1 
3 2 2 
4 4 -1 
---
n=5,k=3,n_chips=7
-1 -1 -1 
-1 -1 -1 
4 1 -1 
3 1 -1 
4 4 2 
---
n=5,k=3,n_chips=7
-1 -1 -1 
-1 -1 -1 
2 -1 -1 
3 2 2 
5 4 3 
---
n=5,k=3,n_chips=7
-1 -1 -1 
-1 -1 -1 
2 -1 -1 
3 3 2 
5 4 2 
---
n=5,k=3,n_chips=7
-1 -1 -1 
2 -1 -1 
3 1 -1 
3 2 -1 
4 3 -1 
---
n=5,k=3,n_chips=7
-1 -1 -1 
1 -1 -1 
1 -1 -1 
3 2 -1 
5 3 3 
---
n=5,k=3,n_chips=7
-1 -1 -1 
1 -1 -1 
1 -1 -1 
2 2 -1 
5 4 3 
---
n=5,k=3,n_chips=7
-1 -1 -1 
2 -1 -1 
2 2 -1 
3 2 -1 
4 3 -1 
---
n=5,k=3,n_chips=7
-1 -1 -1 
1 -1 -1 
3 1 -1 
3 3 -1 
4 3 -1 
---
n=5,k=3,n_chips=7
-1 -1 -1 
1 -1 -1 
1 -1 -1 
4 4 2 
4 2 -1 
---
n=5,k=3,n_chips=7
-1 -1 -1 
1 -1 -1 
1 -1 -1 
4 4 2 
3 3 -1 
---
n=5,k=3,n_chips=7
-1 -1 -1 
1 -1 -1 
2 2 -1 
3 3 -1 
4 3 -1 
---
n=5,k=3,n_chips=7
-1 -1 -1 
1 -1 -1 
1 -1 -1 
4 3 3 
4 2 -1 
---
n=5,k=3,n_chips=7
-1 -1 -1 
1 -1 -1 
3 1 -1 
3 2 -1 
4 4 -1 
---
n=5,k=3,n_chips=7
-1 -1 -1 
1 -1 -1 
2 2 -1 
3 2 -1 
4 4 -1 
---
n=5,k=3,n_chips=7
-1 -1 -1 
1 -1 -1 
2 1 -1 
3 3 -1 
4 4 -1 
---
n=5,k=3,n_chips=7
-1 -1 -1 
1 -1 -1 
1 -1 -1 
3 3 2 
4 3 -1 
---
n=5,k=3,n_chips=7
-1 -1 -1 
-1 -1 -1 
3 1 -1 
3 2 -1 
5 3 3 
---
n=5,k=3,n_chips=7
-1 -1 -1 
1 -1 -1 
1 -1 -1 
3 2 -1 
5 4 2 
---
n=5,k=3,n_chips=7
-1 -1 -1 
-1 -1 -1 
3 -1 -1 
4 2 2 
5 3 2 
---
n=5,k=3,n_chips=7
-1 -1 -1 
-1 -1 -1 
3 -1 -1 
3 3 2 
5 3 2 
---
n=5,k=3,n_chips=7
-1 -1 -1 
-1 -1 -1 
3 -1 -1 
3 2 2 
4 4 3 
---
n=5,k=3,n_chips=7
-1 -1 -1 
-1 -1 -1 
3 2 -1 
3 2 -1 
4 4 2 
---
n=5,k=3,n_chips=7
-1 -1 -1 
2 -1 -1 
2 -1 -1 
4 2 2 
4 2 -1 
---
n=5,k=3,n_chips=7
-1 -1 -1 
2 -1 -1 
2 -1 -1 
1 1 -1 
4 4 4 
---
n=5,k=3,n_chips=7
-1 -1 -1 
2 -1 -1 
2 -1 -1 
5 2 2 
3 2 -1 
---
n=5,k=3,n_chips=7
-1 -1 -1 
1 -1 -1 
3 1 -1 
1 -1 -1 
4 4 4 
---
n=5,k=3,n_chips=7
-1 -1 -1 
-1 -1 -1 
3 1 -1 
5 2 2 
4 3 -1 
---
n=5,k=3,n_chips=7
-1 -1 -1 
1 -1 -1 
3 1 -1 
4 1 -1 
4 4 -1 
---
n=5,k=3,n_chips=7
-1 -1 -1 
1 -1 -1 
2 2 -1 
4 1 -1 
4 4 -1 
---
n=5,k=3,n_chips=7
-1 -1 -1 
1 -1 -1 
2 2 -1 
4 2 -1 
4 3 -1 
---
n=5,k=3,n_chips=7
-1 -1 -1 
1 -1 -1 
1 -1 -1 
4 2 2 
4 3 -1 
---
n=5,k=3,n_chips=7
-1 -1 -1 
1 -1 -1 
3 1 -1 
4 2 -1 
4 3 -1 
---
n=5,k=3,n_chips=7
-1 -1 -1 
1 -1 -1 
2 1 -1 
4 2 -1 
4 4 -1 
---
n=5,k=3,n_chips=7
-1 -1 -1 
1 -1 -1 
1 -1 -1 
5 2 1 
3 3 -1 
---
n=5,k=3,n_chips=7
-1 -1 -1 
1 -1 -1 
1 -1 -1 
4 1 -1 
4 4 3 
---
n=5,k=3,n_chips=7
-1 -1 -1 
1 -1 -1 
1 -1 -1 
4 1 -1 
5 4 2 
---
n=5,k=3,n_chips=7
-1 -1 -1 
1 -1 -1 
1 -1 -1 
4 1 -1 
5 3 3 
---
n=5,k=3,n_chips=7
-1 -1 -1 
1 -1 -1 
1 -1 -1 
5 1 -1 
4 4 2 
---
n=5,k=3,n_chips=7
-1 -1 -1 
1 -1 -1 
1 -1 -1 
5 1 -1 
4 3 3 
---
n=5,k=3,n_chips=7
-1 -1 -1 
-1 -1 -1 
4 1 -1 
5 2 2 
3 3 -1 
---
n=5,k=3,n_chips=7
-1 -1 -1 
2 -1 -1 
4 1 -1 
2 -1 -1 
3 3 3 
---
n=5,k=3,n_chips=7
-1 -1 -1 
1 -1 -1 
3 -1 -1 
4 2 -1 
3 3 3 
---
n=5,k=3,n_chips=7
-1 -1 -1 
1 -1 -1 
3 -1 -1 
3 3 -1 
4 3 2 
---
n=5,k=3,n_chips=7
-1 -1 -1 
1 -1 -1 
3 2 -1 
3 2 -1 
4 2 -1 
---
n=5,k=3,n_chips=7
-1 -1 -1 
3 -1 -1 
1 1 -1 
3 2 -1 
4 4 -1 
---
n=5,k=3,n_chips=7
-1 -1 -1 
3 -1 -1 
1 1 -1 
4 1 -1 
4 4 -1 
---
n=5,k=3,n_chips=7
-1 -1 -1 
2 -1 -1 
3 2 -1 
3 2 -1 
3 3 -1 
---
n=5,k=3,n_chips=7
-1 -1 -1 
3 -1 -1 
1 -1 -1 
3 2 -1 
5 3 2 
---
n=5,k=3,n_chips=7
-1 -1 -1 
-1 -1 -1 
2 1 -1 
4 4 -1 
5 2 2 
---
n=5,k=3,n_chips=7
-1 -1 -1 
-1 -1 -1 
3 1 -1 
4 4 -1 
4 2 2 
---
n=5,k=3,n_chips=7
-1 -1 -1 
-1 -1 -1 
1 1 -1 
4 4 -1 
5 3 2 
---
n=5,k=3,n_chips=7
-1 -1 -1 
-1 -1 -1 
5 2 -1 
3 1 -1 
3 3 3 
---
n=5,k=3,n_chips=7
-1 -1 -1 
-1 -1 -1 
4 1 -1 
1 1 -1 
5 4 4 
---
n=5,k=3,n_chips=7
-1 -1 -1 
1 -1 -1 
1 -1 -1 
1 1 -1 
5 4 4 
---
n=5,k=3,n_chips=7
-1 -1 -1 
1 -1 -1 
1 -1 -1 
1 1 -1 
5 5 3 
---
n=5,k=3,n_chips=7
-1 -1 -1 
1 -1 -1 
3 1 -1 
1 -1 -1 
5 4 3 
---
n=5,k=3,n_chips=7
-1 -1 -1 
2 -1 -1 
3 1 -1 
4 -1 -1 
4 3 2 
---
n=5,k=3,n_chips=7
-1 -1 -1 
1 -1 -1 
1 -1 -1 
3 1 -1 
5 5 2 
---
n=5,k=3,n_chips=7
-1 -1 -1 
1 -1 -1 
1 -1 -1 
2 2 -1 
5 5 2 
---
n=5,k=3,n_chips=7
-1 -1 -1 
-1 -1 -1 
3 1 -1 
5 1 -1 
4 3 2 
---
n=5,k=3,n_chips=7
-1 -1 -1 
-1 -1 -1 
3 2 -1 
5 1 -1 
3 3 3 
---
n=5,k=3,n_chips=7
-1 -1 -1 
-1 -1 -1 
2 2 -1 
5 2 -1 
3 3 3 
---
n=5,k=3,n_chips=7
-1 -1 -1 
-1 -1 -1 
2 2 -1 
5 2 -1 
4 3 2 
---
n=5,k=3,n_chips=7
-1 -1 -1 
1 -1 -1 
1 -1 -1 
4 2 -1 
5 2 2 
---
n=5,k=3,n_chips=7
-1 -1 -1 
3 -1 -1 
4 1 -1 
2 2 -1 
4 2 -1 
---
n=5,k=3,n_chips=7
-1 -1 -1 
3 -1 -1 
3 2 -1 
2 2 -1 
4 2 -1 
---
n=5,k=3,n_chips=7
-1 -1 -1 
-1 -1 -1 
3 -1 -1 
3 2 2 
5 3 3 
---
n=5,k=3,n_chips=7
-1 -1 -1 
-1 -1 -1 
2 -1 -1 
3 2 2 
5 5 2 
---
n=5,k=3,n_chips=7
-1 -1 -1 
2 -1 -1 
2 -1 -1 
1 1 -1 
5 5 2 
---
n=5,k=3,n_chips=7
-1 -1 -1 
2 -1 -1 
3 1 -1 
3 3 -1 
4 2 -1 
---
n=5,k=3,n_chips=7
3 -1 -1 
2 -1 -1 
1 -1 -1 
4 3 1 
2 -1 -1 
---
n=5,k=3,n_chips=7
3 -1 -1 
2 -1 -1 
1 -1 -1 
3 3 2 
2 -1 -1 
---
n=5,k=3,n_chips=7
2 -1 -1 
2 -1 -1 
1 -1 -1 
1 -1 -1 
3 3 3 
---
n=5,k=3,n_chips=7
-1 -1 -1 
-1 -1 -1 
0 -1 -1 
4 4 3 
4 4 3 
---
n=5,k=3,n_chips=7
-1 -1 -1 
-1 -1 -1 
0 -1 -1 
5 4 2 
4 3 3 
---
n=5,k=3,n_chips=7
-1 -1 -1 
-1 -1 -1 
0 -1 -1 
5 3 2 
4 4 2 
---
n=5,k=3,n_chips=7
-1 -1 -1 
1 -1 -1 
0 -1 -1 
4 2 -1 
5 3 3 
---
n=5,k=3,n_chips=7
3 -1 -1 
2 -1 -1 
0 -1 -1 
4 3 2 
2 -1 -1 
---
n=5,k=3,n_chips=8
-1 -1 -1 
-1 -1 -1 
3 1 -1 
4 3 1 
3 3 3 
---
n=5,k=3,n_chips=8
-1 -1 -1 
-1 -1 -1 
3 1 -1 
3 3 2 
3 3 3 
---
n=5,k=3,n_chips=8
-1 -1 -1 
-1 -1 -1 
3 1 -1 
4 3 1 
4 2 2 
---
n=5,k=3,n_chips=8
-1 -1 -1 
-1 -1 -1 
3 3 2 
3 3 2 
3 2 -1 
---
n=5,k=3,n_chips=8
-1 -1 -1 
-1 -1 -1 
3 1 -1 
4 2 2 
3 3 3 
---
n=5,k=3,n_chips=8
-1 -1 -1 
-1 -1 -1 
4 3 1 
2 2 -1 
3 3 3 
---
n=5,k=3,n_chips=8
-1 -1 -1 
-1 -1 -1 
2 2 -1 
3 3 3 
3 3 3 
---
n=5,k=3,n_chips=8
-1 -1 -1 
-1 -1 -1 
3 1 -1 
4 2 2 
4 2 2 
---
n=5,k=3,n_chips=8
-1 -1 -1 
-1 -1 -1 
3 1 -1 
4 3 1 
4 3 1 
---
n=5,k=3,n_chips=8
-1 -1 -1 
1 -1 -1 
1 -1 -1 
3 3 2 
3 3 2 
---
n=5,k=3,n_chips=8
-1 -1 -1 
1 -1 -1 
1 -1 -1 
4 2 2 
3 3 2 
---
n=5,k=3,n_chips=8
-1 -1 -1 
1 -1 -1 
1 -1 -1 
4 2 2 
4 2 2 
---
n=5,k=3,n_chips=8
-1 -1 -1 
2 -1 -1 
3 1 -1 
2 1 -1 
3 3 3 
---
n=5,k=3,n_chips=8
-1 -1 -1 
2 -1 -1 
2 2 -1 
2 1 -1 
3 3 3 
---
n=5,k=3,n_chips=8
-1 -1 -1 
1 -1 -1 
3 2 -1 
2 1 -1 
3 3 3 
---
n=5,k=3,n_chips=8
-1 -1 -1 
2 -1 -1 
4 2 1 
2 -1 -1 
3 3 2 
---
n=5,k=3,n_chips=8
-1 -1 -1 
3 2 -1 
1 1 -1 
3 -1 -1 
3 3 3 
---
n=5,k=3,n_chips=8
-1 -1 -1 
1 -1 -1 
1 -1 -1 
4 2 1 
3 3 3 
---
n=5,k=3,n_chips=8
-1 -1 -1 
-1 -1 -1 
1 1 -1 
4 3 3 
4 3 2 
---
n=5,k=3,n_chips=8
-1 -1 -1 
-1 -1 -1 
1 1 -1 
3 3 2 
4 4 3 
---
n=5,k=3,n_chips=8
-1 -1 -1 
-1 -1 -1 
1 1 -1 
4 3 2 
4 4 2 
---
n=5,k=3,n_chips=8
-1 -1 -1 
-1 -1 -1 
1 1 -1 
4 2 2 
4 4 3 
---
n=5,k=3,n_chips=8
-1 -1 -1 
-1 -1 -1 
1 1 -1 
3 3 3 
4 4 2 
---
n=5,k=3,n_chips=8
-1 -1 -1 
-1 -1 -1 
4 2 2 
2 2 -1 
4 3 2 
---
n=5,k=3,n_chips=8
-1 -1 -1 
-1 -1 -1 
2 1 -1 
4 3 2 
4 3 2 
---
n=5,k=3,n_chips=8
-1 -1 -1 
-1 -1 -1 
2 1 -1 
4 3 3 
3 3 3 
---
n=5,k=3,n_chips=8
-1 -1 -1 
-1 -1 -1 
4 1 -1 
3 3 3 
3 2 2 
---
n=5,k=3,n_chips=8
-1 -1 -1 
-1 -1 -1 
4 1 -1 
3 3 2 
3 3 2 
---
n=5,k=3,n_chips=8
-1 -1 -1 
-1 -1 -1 
4 1 -1 
4 2 2 
3 2 2 
---
n=5,k=3,n_chips=8
-1 -1 -1 
2 -1 -1 
1 1 -1 
1 1 -1 
4 4 4 
---
n=5,k=3,n_chips=8
-1 -1 -1 
1 -1 -1 
2 1 -1 
1 1 -1 
4 4 4 
---
n=5,k=3,n_chips=8
-1 -1 -1 
-1 -1 -1 
2 1 -1 
4 2 2 
4 3 3 
---
n=5,k=3,n_chips=8
-1 -1 -1 
-1 -1 -1 
4 1 -1 
4 3 1 
3 2 2 
---
n=5,k=3,n_chips=8
-1 -1 -1 
-1 -1 -1 
4 1 -1 
5 2 2 
2 2 2 
---
n=5,k=3,n_chips=8
-1 -1 -1 
-1 -1 -1 
2 1 -1 
5 2 1 
4 3 2 
---
n=5,k=3,n_chips=8
-1 -1 -1 
-1 -1 -1 
1 1 -1 
5 2 1 
4 3 3 
---
n=5,k=3,n_chips=8
-1 -1 -1 
-1 -1 -1 
2 2 -1 
5 2 1 
3 3 2 
---
n=5,k=3,n_chips=8
-1 -1 -1 
-1 -1 -1 
2 1 -1 
5 1 1 
4 3 3 
---
n=5,k=3,n_chips=8
-1 -1 -1 
-1 -1 -1 
2 2 -1 
4 1 1 
4 3 3 
---
n=5,k=3,n_chips=8
-1 -1 -1 
-1 -1 -1 
2 2 -1 
4 1 1 
4 4 2 
---
n=5,k=3,n_chips=8
-1 -1 -1 
3 -1 -1 
2 1 -1 
1 1 -1 
4 4 2 
---
n=5,k=3,n_chips=8
-1 -1 -1 
-1 -1 -1 
2 2 -1 
5 1 1 
4 3 2 
---
n=5,k=3,n_chips=8
-1 -1 -1 
-1 -1 -1 
2 1 -1 
4 2 1 
4 4 2 
---
n=5,k=3,n_chips=8
-1 -1 -1 
-1 -1 -1 
1 1 -1 
5 2 1 
4 4 2 
---
n=5,k=3,n_chips=8
-1 -1 -1 
3 -1 -1 
1 1 -1 
1 1 -1 
4 4 3 
---
n=5,k=3,n_chips=8
-1 -1 -1 
2 -1 -1 
2 1 -1 
1 1 -1 
4 4 3 
---
n=5,k=3,n_chips=8
-1 -1 -1 
-1 -1 -1 
2 2 -1 
5 1 1 
3 3 3 
---
n=5,k=3,n_chips=8
-1 -1 -1 
2 -1 -1 
2 1 -1 
4 2 1 
3 3 -1 
---
n=5,k=3,n_chips=8
-1 -1 -1 
-1 -1 -1 
2 1 -1 
3 2 2 
4 4 3 
---
n=5,k=3,n_chips=8
-1 -1 -1 
-1 -1 -1 
1 1 -1 
4 3 1 
4 4 3 
---
n=5,k=3,n_chips=8
-1 -1 -1 
-1 -1 -1 
4 2 1 
3 1 -1 
4 3 2 
---
n=5,k=3,n_chips=8
-1 -1 -1 
-1 -1 -1 
4 1 -1 
3 3 1 
3 3 3 
---
n=5,k=3,n_chips=8
-1 -1 -1 
-1 -1 -1 
4 1 -1 
3 2 1 
4 3 2 
---
n=5,k=3,n_chips=8
-1 -1 -1 
-1 -1 -1 
2 1 -1 
3 3 2 
4 4 2 
---
n=5,k=3,n_chips=8
-1 -1 -1 
1 -1 -1 
2 1 -1 
2 2 -1 
4 3 3 
---
n=5,k=3,n_chips=8
-1 -1 -1 
1 -1 -1 
1 -1 -1 
3 2 2 
4 3 2 
---
n=5,k=3,n_chips=8
-1 -1 -1 
1 -1 -1 
1 -1 -1 
4 1 1 
4 4 2 
---
n=5,k=3,n_chips=8
-1 -1 -1 
1 -1 -1 
1 -1 -1 
4 1 1 
4 3 3 
---
n=5,k=3,n_chips=8
-1 -1 -1 
1 -1 -1 
1 -1 -1 
4 2 1 
4 3 2 
---
n=5,k=3,n_chips=8
-1 -1 -1 
1 -1 -1 
2 1 -1 
4 1 -1 
4 3 2 
---
n=5,k=3,n_chips=8
-1 -1 -1 
1 -1 -1 
2 1 -1 
4 1 -1 
3 3 3 
---
n=5,k=3,n_chips=8
-1 -1 -1 
1 -1 -1 
1 -1 -1 
5 1 1 
4 3 2 
---
n=5,k=3,n_chips=8
-1 -1 -1 
1 -1 -1 
1 -1 -1 
5 1 1 
3 3 3 
---
n=5,k=3,n_chips=8
-1 -1 -1 
-1 -1 -1 
4 1 -1 
4 2 1 
3 3 2 
---
n=5,k=3,n_chips=8
-1 -1 -1 
-1 -1 -1 
3 2 -1 
3 3 1 
3 3 3 
---
n=5,k=3,n_chips=8
-1 -1 -1 
-1 -1 -1 
3 2 -1 
3 3 2 
4 2 2 
---
n=5,k=3,n_chips=8
-1 -1 -1 
-1 -1 -1 
3 1 -1 
3 3 2 
4 3 2 
---
n=5,k=3,n_chips=8
-1 -1 -1 
-1 -1 -1 
3 2 -1 
3 2 2 
4 3 2 
---
n=5,k=3,n_chips=8
-1 -1 -1 
-1 -1 -1 
3 2 -1 
4 3 1 
3 3 2 
---
n=5,k=3,n_chips=8
-1 -1 -1 
1 -1 -1 
1 -1 -1 
3 3 1 
4 3 2 
---
n=5,k=3,n_chips=8
-1 -1 -1 
-1 -1 -1 
4 1 -1 
3 3 1 
4 2 2 
---
n=5,k=3,n_chips=8
-1 -1 -1 
1 -1 -1 
3 -1 -1 
4 2 1 
4 2 2 
---
n=5,k=3,n_chips=8
-1 -1 -1 
2 -1 -1 
3 1 -1 
3 2 1 
3 3 -1 
---
n=5,k=3,n_chips=8
-1 -1 -1 
1 -1 -1 
2 2 -1 
2 2 -1 
3 3 3 
---
n=5,k=3,n_chips=8
-1 -1 -1 
2 -1 -1 
3 1 -1 
2 2 -1 
4 2 2 
---
n=5,k=3,n_chips=8
-1 -1 -1 
-1 -1 -1 
2 1 -1 
4 3 1 
4 3 3 
---
n=5,k=3,n_chips=8
-1 -1 -1 
-1 -1 -1 
4 3 2 
4 3 1 
2 2 -1 
---
n=5,k=3,n_chips=8
-1 -1 -1 
-1 -1 -1 
3 2 -1 
4 4 1 
3 2 2 
---
n=5,k=3,n_chips=8
-1 -1 -1 
-1 -1 -1 
3 2 2 
3 3 -1 
4 2 2 
---
n=5,k=3,n_chips=8
-1 -1 -1 
-1 -1 -1 
1 1 -1 
4 4 1 
4 3 3 
---
n=5,k=3,n_chips=8
-1 -1 -1 
-1 -1 -1 
2 2 -1 
4 3 2 
3 3 2 
---
n=5,k=3,n_chips=8
-1 -1 -1 
-1 -1 -1 
2 2 -1 
4 4 1 
3 3 2 
---
n=5,k=3,n_chips=8
-1 -1 -1 
-1 -1 -1 
4 2 -1 
3 3 1 
3 3 2 
---
n=5,k=3,n_chips=8
-1 -1 -1 
-1 -1 -1 
4 2 -1 
4 3 1 
2 2 2 
---
n=5,k=3,n_chips=8
-1 -1 -1 
-1 -1 -1 
4 2 -1 
4 2 1 
3 3 1 
---
n=5,k=3,n_chips=8
-1 -1 -1 
2 -1 -1 
1 1 -1 
3 3 -1 
3 3 2 
---
n=5,k=3,n_chips=8
-1 -1 -1 
2 2 -1 
2 2 -1 
2 1 -1 
3 3 -1 
---
n=5,k=3,n_chips=8
-1 -1 -1 
-1 -1 -1 
2 2 -1 
3 3 1 
4 3 3 
---
n=5,k=3,n_chips=8
-1 -1 -1 
-1 -1 -1 
3 1 -1 
3 2 2 
4 3 3 
---
n=5,k=3,n_chips=8
-1 -1 -1 
-1 -1 -1 
2 2 -1 
3 2 2 
4 3 3 
---
n=5,k=3,n_chips=8
-1 -1 -1 
-1 -1 -1 
2 2 -1 
3 3 1 
4 4 2 
---
n=5,k=3,n_chips=8
-1 -1 -1 
-1 -1 -1 
2 2 -1 
3 2 2 
4 4 2 
---
n=5,k=3,n_chips=8
-1 -1 -1 
2 -1 -1 
3 1 -1 
2 1 -1 
4 3 2 
---
n=5,k=3,n_chips=8
-1 -1 -1 
2 -1 -1 
3 1 -1 
4 2 1 
3 2 -1 
---
n=5,k=3,n_chips=8
-1 -1 -1 
1 -1 -1 
2 2 -1 
2 2 -1 
4 3 2 
---
n=5,k=3,n_chips=8
-1 -1 -1 
1 -1 -1 
3 1 -1 
2 2 -1 
4 3 2 
---
n=5,k=3,n_chips=8
-1 -1 -1 
1 -1 -1 
3 1 -1 
2 1 -1 
4 4 2 
---
n=5,k=3,n_chips=8
-1 -1 -1 
1 -1 -1 
2 2 -1 
2 1 -1 
4 4 2 
---
n=5,k=3,n_chips=8
-1 -1 -1 
1 -1 -1 
3 1 -1 
2 1 -1 
4 3 3 
---
n=5,k=3,n_chips=8
-1 -1 -1 
1 -1 -1 
3 1 -1 
2 2 -1 
3 3 3 
---
n=5,k=3,n_chips=8
-1 -1 -1 
1 -1 -1 
3 2 -1 
1 1 -1 
4 3 3 
---
n=5,k=3,n_chips=8
-1 -1 -1 
-1 -1 -1 
2 2 -1 
5 2 1 
4 2 2 
---
n=5,k=3,n_chips=8
-1 -1 -1 
-1 -1 -1 
3 1 -1 
5 1 1 
3 3 3 
---
n=5,k=3,n_chips=8
-1 -1 -1 
-1 -1 -1 
3 1 -1 
5 2 1 
4 2 2 
---
n=5,k=3,n_chips=8
-1 -1 -1 
-1 -1 -1 
3 1 -1 
5 2 1 
3 3 2 
---
n=5,k=3,n_chips=8
-1 -1 -1 
-1 -1 -1 
3 1 -1 
5 1 1 
4 3 2 
---
n=5,k=3,n_chips=8
-1 -1 -1 
1 -1 -1 
2 1 -1 
2 1 -1 
4 4 3 
---
n=5,k=3,n_chips=8
-1 -1 -1 
2 -1 -1 
3 1 -1 
1 1 -1 
4 4 2 
---
n=5,k=3,n_chips=8
-1 -1 -1 
2 -1 -1 
2 2 -1 
1 1 -1 
4 4 2 
---
n=5,k=3,n_chips=8
-1 -1 -1 
-1 -1 -1 
3 1 -1 
3 2 1 
4 4 2 
---
n=5,k=3,n_chips=8
-1 -1 -1 
-1 -1 -1 
3 1 -1 
4 1 1 
4 3 3 
---
n=5,k=3,n_chips=8
-1 -1 -1 
1 -1 -1 
1 -1 -1 
3 2 1 
4 3 3 
---
n=5,k=3,n_chips=8
-1 -1 -1 
1 -1 -1 
1 -1 -1 
3 2 1 
4 4 2 
---
n=5,k=3,n_chips=8
-1 -1 -1 
1 -1 -1 
2 1 -1 
3 2 -1 
4 3 2 
---
n=5,k=3,n_chips=8
-1 -1 -1 
1 -1 -1 
3 2 -1 
3 1 -1 
4 2 2 
---
n=5,k=3,n_chips=8
-1 -1 -1 
2 1 -1 
3 -1 -1 
2 1 -1 
3 3 3 
---
n=5,k=3,n_chips=8
-1 -1 -1 
1 -1 -1 
2 2 -1 
3 2 -1 
3 3 2 
---
n=5,k=3,n_chips=8
-1 -1 -1 
2 -1 -1 
0 -1 -1 
4 3 2 
4 3 2 
---
n=5,k=3,n_chips=8
2 -1 -1 
-1 -1 -1 
3 3 1 
3 3 1 
2 -1 -1 
---
n=5,k=3,n_chips=9
-1 -1 -1 
-1 -1 -1 
3 3 1 
3 3 1 
3 3 1 
---
n=5,k=3,n_chips=9
-1 -1 -1 
-1 -1 -1 
3 3 1 
3 3 1 
3 2 2 
---
n=5,k=3,n_chips=9
-1 -1 -1 
-1 -1 -1 
3 3 1 
3 2 2 
3 2 2 
---
n=5,k=3,n_chips=9
-1 -1 -1 
-1 -1 -1 
3 2 2 
3 2 2 
3 2 2 
---
n=5,k=3,n_chips=9
-1 -1 -1 
-1 -1 -1 
4 1 1 
3 2 2 
3 3 2 
---
n=5,k=3,n_chips=9
-1 -1 -1 
2 -1 -1 
1 1 -1 
3 2 2 
3 3 2 
---
n=5,k=3,n_chips=9
-1 -1 -1 
-1 -1 -1 
4 2 1 
4 2 1 
3 2 2 
---
n=5,k=3,n_chips=9
-1 -1 -1 
-1 -1 -1 
4 2 1 
3 2 2 
3 2 2 
---
n=5,k=3,n_chips=9
-1 -1 -1 
1 -1 -1 
1 1 -1 
4 1 1 
3 3 3 
---
n=5,k=3,n_chips=9
-1 -1 -1 
-1 -1 -1 
4 1 1 
4 1 1 
3 3 2 
---
n=5,k=3,n_chips=9
-1 -1 -1 
2 -1 -1 
1 1 -1 
4 1 1 
3 3 2 
---
n=5,k=3,n_chips=9
-1 -1 -1 
1 -1 -1 
1 1 -1 
3 2 1 
3 3 3 
---
n=5,k=3,n_chips=9
-1 -1 -1 
1 -1 -1 
2 1 -1 
3 2 2 
3 2 2 
---
n=5,k=3,n_chips=9
-1 -1 -1 
2 1 -1 
2 1 -1 
2 2 -1 
3 2 2 
---
n=5,k=3,n_chips=9
-1 -1 -1 
-1 -1 -1 
4 2 1 
3 3 1 
3 2 2 
---
n=5,k=3,n_chips=9
-1 -1 -1 
-1 -1 -1 
4 1 1 
3 3 1 
3 3 1 
---
n=5,k=3,n_chips=9
-1 -1 -1 
2 -1 -1 
1 1 -1 
3 3 1 
3 3 1 
---
n=5,k=3,n_chips=9
-1 -1 -1 
1 -1 -1 
2 1 -1 
3 2 1 
3 3 2 
---
n=5,k=3,n_chips=9
-1 -1 -1 
1 -1 -1 
2 1 -1 
4 1 1 
3 3 2 
---
n=5,k=3,n_chips=9
-1 -1 -1 
2 1 -1 
2 1 -1 
1 1 -1 
3 3 2 
---
n=5,k=3,n_chips=9
2 -1 -1 
1 -1 -1 
0 -1 -1 
3 3 0 
3 2 2 
---
n=5,k=3,n_chips=9
1 -1 -1 
1 -1 -1 
0 -1 -1 
3 2 1 
3 2 2 
---
n=5,k=3,n_chips=9
2 -1 -1 
1 -1 -1 
0 -1 -1 
3 2 1 
3 2 1 
---
n=5,k=3,n_chips=9
2 -1 -1 
1 -1 -1 
3 3 0 
3 2 1 
1 -1 -1 
---
n=5,k=3,n_chips=10
-1 -1 -1 
1 -1 -1 
2 2 2 
2 2 2 
2 2 2 
---
n=5,k=3,n_chips=10
-1 -1 -1 
1 -1 -1 
3 1 1 
2 2 2 
2 2 2 
---
n=5,k=3,n_chips=10
-1 -1 -1 
1 1 -1 
1 1 -1 
2 2 2 
2 2 2 
---
n=5,k=3,n_chips=10
-1 -1 -1 
1 -1 -1 
3 3 0 
3 2 1 
3 2 1 
---
n=5,k=3,n_chips=11
1 -1 -1 
0 -1 -1 
2 2 0 
2 2 0 
2 1 1 
---
n=5,k=3,n_chips=11
1 -1 -1 
2 2 0 
2 2 0 
2 2 0 
1 -1 -1 
---
n=5,k=3,n_chips=12
-1 -1 -1 
2 2 0 
2 2 0 
2 2 0 
2 1 1 
---
n=5,k=3,n_chips=13
0 -1 -1 
1 1 0 
1 1 0 
1 1 0 
1 1 0 
---
n=5,k=3,n_chips=15
0 0 0 
0 0 0 
0 0 0 
0 0 0 
0 0 0 
---
