n=6,k=3,n_chips=3
-1 -1 -1
-1 -1 -1
-1 -1 -1
-1 -1 -1
7 7 -1
6 -1 -1
---
n=6,k=3,n_chips=4
-1 -1 -1
-1 -1 -1
-1 -1 -1
7 -1 -1
6 6 -1
5 -1 -1
---
n=6,k=3,n_chips=5
-1 -1 -1
-1 -1 -1
6 -1 -1
6 -1 -1
5 5 -1
4 -1 -1
---
n=6,k=3,n_chips=6
-1 -1 -1
5 -1 -1
5 -1 -1
5 -1 -1
4 4 -1
3 -1 -1
---
n=6,k=3,n_chips=7
4 -1 -1
4 -1 -1
4 -1 -1
2 -1 -1
4 -1 -1
3 3 -1
---
n=6,k=3,n_chips=7
-1 -1 -1
-1 -1 -1
5 -1 -1
4 4 -1
5 -1 -1
5 5 4
---
n=6,k=3,n_chips=8
-1 -1 -1
4 -1 -1
4 -1 -1
3 3 -1
4 -1 -1
4 4 4
---
n=6,k=3,n_chips=4
-1 -1 -1
-1 -1 -1
-1 -1 -1
7 6 -1
-1 -1 -1
6 6 -1
---
n=6,k=3,n_chips=5
-1 -1 -1
-1 -1 -1
-1 -1 -1
6 5 -1
7 -1 -1
5 5 -1
---
n=6,k=3,n_chips=6
-1 -1 -1
-1 -1 -1
6 -1 -1
5 4 -1
6 -1 -1
4 4 -1
---
n=6,k=3,n_chips=7
-1 -1 -1
5 -1 -1
5 -1 -1
4 3 -1
5 -1 -1
3 3 -1
---
n=6,k=3,n_chips=5
-1 -1 -1
-1 -1 -1
4 -1 -1
7 7 -1
-1 -1 -1
5 5 -1
---
n=6,k=3,n_chips=6
-1 -1 -1
-1 -1 -1
3 -1 -1
6 6 -1
-1 -1 -1
7 5 5
---
n=6,k=3,n_chips=7
-1 -1 -1
-1 -1 -1
2 -1 -1
5 5 -1
6 -1 -1
6 5 4
---
n=6,k=3,n_chips=4
-1 -1 -1
-1 -1 -1
5 -1 -1
5 -1 -1
-1 -1 -1
7 6 -1
---
n=6,k=3,n_chips=5
-1 -1 -1
-1 -1 -1
4 -1 -1
6 5 -1
-1 -1 -1
7 5 -1
---
n=6,k=3,n_chips=6
-1 -1 -1
-1 -1 -1
3 -1 -1
5 4 -1
6 -1 -1
6 5 -1
---
n=6,k=3,n_chips=4
-1 -1 -1
-1 -1 -1
5 -1 -1
-1 -1 -1
-1 -1 -1
7 7 7
---
n=6,k=3,n_chips=5
-1 -1 -1
-1 -1 -1
4 -1 -1
6 -1 -1
-1 -1 -1
7 6 6
---
n=6,k=3,n_chips=6
-1 -1 -1
-1 -1 -1
3 -1 -1
5 -1 -1
5 -1 -1
7 5 5
---
n=6,k=3,n_chips=6
-1 -1 -1
-1 -1 -1
3 -1 -1
5 -1 -1
5 -1 -1
6 6 5
---
n=6,k=3,n_chips=5
-1 -1 -1
-1 -1 -1
5 -1 -1
5 -1 -1
-1 -1 -1
6 6 6
---
n=6,k=3,n_chips=6
-1 -1 -1
-1 -1 -1
5 5 -1
4 -1 -1
6 -1 -1
5 5 -1
---
n=6,k=3,n_chips=7
-1 -1 -1
5 -1 -1
4 4 -1
3 -1 -1
5 -1 -1
4 4 -1
---
n=6,k=3,n_chips=6
-1 -1 -1
4 -1 -1
3 -1 -1
3 -1 -1
4 -1 -1
6 5 -1
---
n=6,k=3,n_chips=8
4 -1 -1
4 -1 -1
3 2 -1
2 2 -1
4 -1 -1
4 -1 -1
---
n=6,k=3,n_chips=8
4 -1 -1
4 -1 -1
3 3 -1
3 3 -1
4 -1 -1
2 -1 -1
---
n=6,k=3,n_chips=6
-1 -1 -1
-1 -1 -1
6 5 -1
6 5 -1
-1 -1 -1
5 5 -1
---
n=6,k=3,n_chips=7
-1 -1 -1
-1 -1 -1
5 4 -1
5 4 -1
6 -1 -1
4 4 -1
---
n=6,k=3,n_chips=8
-1 -1 -1
5 -1 -1
4 3 -1
4 3 -1
5 -1 -1
3 3 -1
---
n=6,k=3,n_chips=9
4 -1 -1
4 -1 -1
3 2 -1
3 2 -1
4 -1 -1
2 2 -1
---
n=6,k=3,n_chips=7
-1 -1 -1
-1 -1 -1
2 -1 -1
6 -1 -1
7 4 4
5 5 -1
---
n=6,k=3,n_chips=5
-1 -1 -1
-1 -1 -1
5 5 -1
-1 -1 -1
7 5 -1
6 -1 -1
---
n=6,k=3,n_chips=6
-1 -1 -1
-1 -1 -1
4 4 -1
5 -1 -1
7 4 -1
5 -1 -1
---
n=6,k=3,n_chips=7
-1 -1 -1
4 -1 -1
3 -1 -1
4 -1 -1
6 4 4
3 -1 -1
---
n=6,k=3,n_chips=8
-1 -1 -1
4 -1 -1
4 -1 -1
4 -1 -1
5 4 3
3 3 -1
---
n=6,k=3,n_chips=9
3 -1 -1
3 -1 -1
3 -1 -1
3 -1 -1
4 3 3
2 2 -1
---
n=6,k=3,n_chips=5
-1 -1 -1
-1 -1 -1
4 -1 -1
7 -1 -1
4 -1 -1
6 5 -1
---
n=6,k=3,n_chips=6
-1 -1 -1
6 -1 -1
3 -1 -1
6 -1 -1
3 -1 -1
5 4 -1
---
n=6,k=3,n_chips=7
5 -1 -1
5 -1 -1
2 -1 -1
5 -1 -1
2 -1 -1
4 3 -1
---
n=6,k=3,n_chips=5
-1 -1 -1
-1 -1 -1
6 6 6
-1 -1 -1
4 -1 -1
7 -1 -1
---
n=6,k=3,n_chips=6
-1 -1 -1
-1 -1 -1
5 5 5
6 -1 -1
3 -1 -1
6 -1 -1
---
n=6,k=3,n_chips=7
-1 -1 -1
5 -1 -1
4 4 4
5 -1 -1
2 -1 -1
5 -1 -1
---
n=6,k=3,n_chips=8
4 -1 -1
4 -1 -1
3 3 3
4 -1 -1
1 -1 -1
4 -1 -1
---
n=6,k=3,n_chips=8
-1 -1 -1
5 -1 -1
5 -1 -1
2 -1 -1
5 4 3
4 3 -1
---
n=6,k=3,n_chips=9
4 -1 -1
4 -1 -1
4 -1 -1
1 -1 -1
4 3 3
3 2 -1
---
n=6,k=3,n_chips=9
4 -1 -1
4 -1 -1
4 -1 -1
1 -1 -1
3 2 -1
5 3 2
---
n=6,k=3,n_chips=9
4 -1 -1
4 -1 -1
4 -1 -1
1 -1 -1
3 2 -1
4 4 2
---
n=6,k=3,n_chips=5
-1 -1 -1
-1 -1 -1
5 5 -1
-1 -1 -1
-1 -1 -1
7 7 6
---
n=6,k=3,n_chips=6
-1 -1 -1
-1 -1 -1
4 4 -1
-1 -1 -1
7 -1 -1
6 6 5
---
n=6,k=3,n_chips=7
-1 -1 -1
-1 -1 -1
3 3 -1
6 -1 -1
6 -1 -1
5 5 4
---
n=6,k=3,n_chips=8
-1 -1 -1
5 -1 -1
2 2 -1
5 -1 -1
5 -1 -1
4 4 3
---
n=6,k=3,n_chips=9
4 -1 -1
4 -1 -1
1 1 -1
4 -1 -1
4 -1 -1
3 3 2
---
n=6,k=3,n_chips=5
-1 -1 -1
-1 -1 -1
6 5 -1
-1 -1 -1
-1 -1 -1
7 6 6
---
n=6,k=3,n_chips=6
-1 -1 -1
-1 -1 -1
5 4 -1
-1 -1 -1
7 -1 -1
6 5 5
---
n=6,k=3,n_chips=7
-1 -1 -1
6 -1 -1
4 3 -1
-1 -1 -1
6 -1 -1
5 4 4
---
n=6,k=3,n_chips=8
5 -1 -1
5 -1 -1
3 2 -1
-1 -1 -1
5 -1 -1
4 3 3
---
n=6,k=3,n_chips=9
4 -1 -1
4 -1 -1
2 1 -1
4 -1 -1
4 -1 -1
3 2 2
---
n=6,k=3,n_chips=7
-1 -1 -1
-1 -1 -1
5 -1 -1
5 -1 -1
4 4 -1
6 4 4
---
n=6,k=3,n_chips=5
-1 -1 -1
-1 -1 -1
6 -1 -1
-1 -1 -1
6 6 -1
5 5 -1
---
n=6,k=3,n_chips=6
-1 -1 -1
-1 -1 -1
5 -1 -1
7 -1 -1
5 5 -1
4 4 -1
---
n=6,k=3,n_chips=7
-1 -1 -1
6 -1 -1
4 -1 -1
6 -1 -1
4 4 -1
3 3 -1
---
n=6,k=3,n_chips=8
5 -1 -1
5 -1 -1
3 -1 -1
5 -1 -1
3 3 -1
2 2 -1
---
n=6,k=3,n_chips=5
-1 -1 -1
-1 -1 -1
7 5 -1
6 6 6
-1 -1 -1
-1 -1 -1
---
n=6,k=3,n_chips=6
-1 -1 -1
-1 -1 -1
6 4 -1
5 5 5
-1 -1 -1
7 -1 -1
---
n=6,k=3,n_chips=7
-1 -1 -1
-1 -1 -1
5 3 -1
4 4 4
6 -1 -1
6 -1 -1
---
n=6,k=3,n_chips=8
-1 -1 -1
5 -1 -1
4 2 -1
3 3 3
5 -1 -1
5 -1 -1
---
n=6,k=3,n_chips=9
4 -1 -1
4 -1 -1
3 1 -1
2 2 2
4 -1 -1
4 -1 -1
---
n=6,k=3,n_chips=6
-1 -1 -1
-1 -1 -1
6 4 -1
5 -1 -1
4 4 -1
7 -1 -1
---
n=6,k=3,n_chips=7
-1 -1 -1
6 -1 -1
5 3 -1
4 -1 -1
3 3 -1
6 -1 -1
---
n=6,k=3,n_chips=8
5 -1 -1
5 -1 -1
4 2 -1
3 -1 -1
2 2 -1
5 -1 -1
---
n=6,k=3,n_chips=5
-1 -1 -1
-1 -1 -1
6 6 -1
5 -1 -1
6 5 -1
-1 -1 -1
---
n=6,k=3,n_chips=6
-1 -1 -1
-1 -1 -1
5 5 -1
4 -1 -1
5 4 -1
7 -1 -1
---
n=6,k=3,n_chips=7
-1 -1 -1
6 -1 -1
4 4 -1
3 -1 -1
4 3 -1
6 -1 -1
---
n=6,k=3,n_chips=8
5 -1 -1
5 -1 -1
3 3 -1
2 -1 -1
3 2 -1
5 -1 -1
---
n=6,k=3,n_chips=6
-1 -1 -1
-1 -1 -1
3 -1 -1
7 -1 -1
6 6 -1
4 4 -1
---
n=6,k=3,n_chips=7
-1 -1 -1
6 -1 -1
2 -1 -1
6 -1 -1
5 5 -1
3 3 -1
---
n=6,k=3,n_chips=8
5 -1 -1
5 -1 -1
1 -1 -1
5 -1 -1
4 4 -1
2 2 -1
---
n=6,k=3,n_chips=6
-1 -1 -1
-1 -1 -1
6 4 -1
3 -1 -1
5 4 -1
7 -1 -1
---
n=6,k=3,n_chips=7
-1 -1 -1
6 -1 -1
5 3 -1
2 -1 -1
4 3 -1
6 -1 -1
---
n=6,k=3,n_chips=8
5 -1 -1
5 -1 -1
4 2 -1
1 -1 -1
3 2 -1
5 -1 -1
---
n=6,k=3,n_chips=5
-1 -1 -1
-1 -1 -1
4 -1 -1
-1 -1 -1
6 6 -1
6 6 -1
---
n=6,k=3,n_chips=6
-1 -1 -1
-1 -1 -1
3 -1 -1
7 -1 -1
5 5 -1
5 5 -1
---
n=6,k=3,n_chips=7
-1 -1 -1
6 -1 -1
2 -1 -1
6 -1 -1
4 4 -1
4 4 -1
---
n=6,k=3,n_chips=8
5 -1 -1
5 -1 -1
1 -1 -1
5 -1 -1
3 3 -1
3 3 -1
---
n=6,k=3,n_chips=7
-1 -1 -1
4 -1 -1
4 -1 -1
4 -1 -1
2 -1 -1
5 5 5
---
n=6,k=3,n_chips=8
3 -1 -1
3 -1 -1
3 -1 -1
3 -1 -1
1 -1 -1
5 4 4
---
n=6,k=3,n_chips=7
-1 -1 -1
4 -1 -1
4 -1 -1
4 -1 -1
2 -1 -1
6 5 4
---
n=6,k=3,n_chips=8
3 -1 -1
3 -1 -1
3 -1 -1
3 -1 -1
1 -1 -1
6 4 3
---
n=6,k=3,n_chips=8
3 -1 -1
3 -1 -1
3 -1 -1
3 -1 -1
1 -1 -1
5 5 3
---
n=6,k=3,n_chips=6
-1 -1 -1
-1 -1 -1
4 -1 -1
4 -1 -1
4 -1 -1
6 5 5
---
n=6,k=3,n_chips=7
-1 -1 -1
4 -1 -1
3 -1 -1
3 -1 -1
3 -1 -1
5 5 4
---
n=6,k=3,n_chips=8
3 -1 -1
3 -1 -1
2 -1 -1
2 -1 -1
2 -1 -1
5 4 3
---
n=6,k=3,n_chips=8
3 -1 -1
3 -1 -1
2 -1 -1
2 -1 -1
2 -1 -1
4 4 4
---
n=6,k=3,n_chips=7
-1 -1 -1
-1 -1 -1
5 5 -1
5 5 -1
4 -1 -1
5 5 -1
---
n=6,k=3,n_chips=8
-1 -1 -1
5 -1 -1
4 4 -1
4 4 -1
3 -1 -1
4 4 -1
---
n=6,k=3,n_chips=9
4 -1 -1
4 -1 -1
3 3 -1
3 3 -1
2 -1 -1
3 3 -1
---
n=6,k=3,n_chips=9
3 -1 -1
3 -1 -1
3 -1 -1
3 -1 -1
5 3 2
2 2 -1
---
n=6,k=3,n_chips=9
3 -1 -1
3 -1 -1
3 -1 -1
3 -1 -1
4 4 2
2 2 -1
---
n=6,k=3,n_chips=6
-1 -1 -1
-1 -1 -1
7 6 -1
5 5 -1
4 4 -1
-1 -1 -1
---
n=6,k=3,n_chips=7
-1 -1 -1
-1 -1 -1
6 5 -1
4 4 -1
3 3 -1
7 -1 -1
---
n=6,k=3,n_chips=8
-1 -1 -1
6 -1 -1
5 4 -1
3 3 -1
2 2 -1
6 -1 -1
---
n=6,k=3,n_chips=9
5 -1 -1
5 -1 -1
4 3 -1
2 2 -1
1 1 -1
5 -1 -1
---
n=6,k=3,n_chips=8
-1 -1 -1
-1 -1 -1
5 3 -1
4 3 -1
6 -1 -1
6 4 2
---
n=6,k=3,n_chips=9
-1 -1 -1
5 -1 -1
4 2 -1
3 2 -1
5 -1 -1
5 3 2
---
n=6,k=3,n_chips=10
4 -1 -1
4 -1 -1
3 1 -1
2 1 -1
4 -1 -1
4 2 2
---
n=6,k=3,n_chips=6
-1 -1 -1
-1 -1 -1
6 6 -1
6 5 -1
4 4 -1
-1 -1 -1
---
n=6,k=3,n_chips=7
-1 -1 -1
-1 -1 -1
5 5 -1
5 4 -1
3 3 -1
7 -1 -1
---
n=6,k=3,n_chips=8
-1 -1 -1
6 -1 -1
4 4 -1
4 3 -1
2 2 -1
6 -1 -1
---
n=6,k=3,n_chips=9
5 -1 -1
5 -1 -1
3 3 -1
3 2 -1
1 1 -1
5 -1 -1
---
n=6,k=3,n_chips=6
-1 -1 -1
-1 -1 -1
7 4 -1
6 4 -1
5 4 -1
-1 -1 -1
---
n=6,k=3,n_chips=7
-1 -1 -1
-1 -1 -1
6 3 -1
5 3 -1
4 3 -1
7 -1 -1
---
n=6,k=3,n_chips=8
-1 -1 -1
6 -1 -1
5 2 -1
4 2 -1
3 2 -1
6 -1 -1
---
n=6,k=3,n_chips=9
5 -1 -1
5 -1 -1
4 1 -1
3 1 -1
2 1 -1
5 -1 -1
---
n=6,k=3,n_chips=6
-1 -1 -1
-1 -1 -1
6 -1 -1
3 -1 -1
3 -1 -1
6 6 6
---
n=6,k=3,n_chips=7
-1 -1 -1
5 -1 -1
5 -1 -1
2 -1 -1
2 -1 -1
6 5 5
---
n=6,k=3,n_chips=8
4 -1 -1
4 -1 -1
4 -1 -1
1 -1 -1
1 -1 -1
6 4 4
---
n=6,k=3,n_chips=8
4 -1 -1
4 -1 -1
4 -1 -1
1 -1 -1
1 -1 -1
5 5 4
---
n=6,k=3,n_chips=7
3 -1 -1
3 -1 -1
3 -1 -1
2 -1 -1
2 -1 -1
5 5 -1
---
n=6,k=3,n_chips=7
3 -1 -1
3 -1 -1
3 -1 -1
2 -1 -1
2 -1 -1
6 4 -1
---
n=6,k=3,n_chips=6
-1 -1 -1
4 -1 -1
3 -1 -1
3 -1 -1
4 -1 -1
7 4 -1
---
n=6,k=3,n_chips=8
3 -1 -1
3 -1 -1
2 -1 -1
2 -1 -1
3 -1 -1
6 3 3
---
n=6,k=3,n_chips=7
3 -1 -1
3 -1 -1
3 -1 -1
2 -1 -1
3 -1 -1
7 3 -1
---
n=6,k=3,n_chips=7
-1 -1 -1
4 -1 -1
2 -1 -1
4 -1 -1
4 -1 -1
7 4 4
---
n=6,k=3,n_chips=5
-1 -1 -1
4 -1 -1
7 5 -1
4 -1 -1
-1 -1 -1
4 -1 -1
---
n=6,k=3,n_chips=6
-1 -1 -1
3 -1 -1
6 4 -1
3 -1 -1
7 -1 -1
3 -1 -1
---
n=6,k=3,n_chips=5
-1 -1 -1
4 -1 -1
6 6 -1
4 -1 -1
-1 -1 -1
4 -1 -1
---
n=6,k=3,n_chips=6
-1 -1 -1
3 -1 -1
5 5 -1
3 -1 -1
7 -1 -1
3 -1 -1
---
n=6,k=3,n_chips=8
-1 -1 -1
5 -1 -1
4 4 -1
5 5 3
5 -1 -1
1 -1 -1
---
n=6,k=3,n_chips=8
-1 -1 -1
5 -1 -1
4 4 -1
5 4 4
5 -1 -1
1 -1 -1
---
n=6,k=3,n_chips=6
-1 -1 -1
5 -1 -1
7 5 5
-1 -1 -1
-1 -1 -1
6 4 -1
---
n=6,k=3,n_chips=7
-1 -1 -1
4 -1 -1
6 5 4
-1 -1 -1
6 -1 -1
5 3 -1
---
n=6,k=3,n_chips=8
-1 -1 -1
3 -1 -1
5 5 3
5 -1 -1
5 -1 -1
4 2 -1
---
n=6,k=3,n_chips=9
4 -1 -1
2 -1 -1
4 4 3
4 -1 -1
4 -1 -1
3 1 -1
---
n=6,k=3,n_chips=6
-1 -1 -1
5 -1 -1
5 5 -1
-1 -1 -1
-1 -1 -1
7 5 5
---
n=6,k=3,n_chips=7
-1 -1 -1
4 -1 -1
4 4 -1
-1 -1 -1
6 -1 -1
6 5 4
---
n=6,k=3,n_chips=8
-1 -1 -1
3 -1 -1
3 3 -1
5 -1 -1
5 -1 -1
5 5 3
---
n=6,k=3,n_chips=9
4 -1 -1
2 -1 -1
2 2 -1
4 -1 -1
4 -1 -1
4 4 3
---
n=6,k=3,n_chips=6
-1 -1 -1
3 -1 -1
3 -1 -1
3 -1 -1
5 -1 -1
6 5 -1
---
n=6,k=3,n_chips=6
-1 -1 -1
3 -1 -1
6 4 -1
3 -1 -1
-1 -1 -1
7 4 -1
---
n=6,k=3,n_chips=7
-1 -1 -1
2 -1 -1
5 3 -1
2 -1 -1
6 -1 -1
6 4 -1
---
n=6,k=3,n_chips=6
-1 -1 -1
3 -1 -1
5 5 -1
3 -1 -1
-1 -1 -1
7 4 -1
---
n=6,k=3,n_chips=7
-1 -1 -1
2 -1 -1
4 4 -1
2 -1 -1
6 -1 -1
6 4 -1
---
n=6,k=3,n_chips=8
3 -1 -1
2 -1 -1
2 -1 -1
2 -1 -1
3 -1 -1
5 5 2
---
n=6,k=3,n_chips=5
-1 -1 -1
7 7 6
4 -1 -1
4 -1 -1
-1 -1 -1
-1 -1 -1
---
n=6,k=3,n_chips=6
-1 -1 -1
6 6 5
3 -1 -1
3 -1 -1
-1 -1 -1
7 -1 -1
---
n=6,k=3,n_chips=7
-1 -1 -1
5 5 4
2 -1 -1
2 -1 -1
6 -1 -1
6 -1 -1
---
n=6,k=3,n_chips=8
-1 -1 -1
5 -1 -1
4 4 -1
5 -1 -1
1 -1 -1
6 4 3
---
n=6,k=3,n_chips=6
-1 -1 -1
-1 -1 -1
5 4 -1
6 -1 -1
3 -1 -1
7 4 -1
---
n=6,k=3,n_chips=7
-1 -1 -1
5 -1 -1
4 3 -1
5 -1 -1
2 -1 -1
6 4 -1
---
n=6,k=3,n_chips=7
-1 -1 -1
5 -1 -1
4 3 -1
5 -1 -1
2 -1 -1
5 5 -1
---
n=6,k=3,n_chips=7
-1 -1 -1
3 -1 -1
5 4 -1
6 -1 -1
3 -1 -1
5 4 -1
---
n=6,k=3,n_chips=8
5 -1 -1
2 -1 -1
4 3 -1
5 -1 -1
2 -1 -1
4 3 -1
---
n=6,k=3,n_chips=7
-1 -1 -1
3 -1 -1
3 -1 -1
5 -1 -1
3 -1 -1
6 4 4
---
n=6,k=3,n_chips=7
4 -1 -1
2 -1 -1
2 -1 -1
4 -1 -1
2 -1 -1
6 4 -1
---
n=6,k=3,n_chips=7
4 -1 -1
2 -1 -1
2 -1 -1
4 -1 -1
2 -1 -1
5 5 -1
---
n=6,k=3,n_chips=7
-1 -1 -1
2 -1 -1
5 4 -1
6 -1 -1
3 -1 -1
7 3 -1
---
n=6,k=3,n_chips=7
-1 -1 -1
6 4 -1
6 4 -1
-1 -1 -1
3 -1 -1
5 4 -1
---
n=6,k=3,n_chips=8
-1 -1 -1
5 3 -1
5 3 -1
6 -1 -1
2 -1 -1
4 3 -1
---
n=6,k=3,n_chips=9
5 -1 -1
4 2 -1
4 2 -1
5 -1 -1
1 -1 -1
3 2 -1
---
n=6,k=3,n_chips=8
3 -1 -1
3 -1 -1
3 -1 -1
3 -1 -1
7 3 3
1 -1 -1
---
n=6,k=3,n_chips=7
-1 -1 -1
-1 -1 -1
-1 -1 -1
6 3 -1
5 5 -1
6 5 4
---
n=6,k=3,n_chips=8
-1 -1 -1
-1 -1 -1
5 -1 -1
5 3 -1
4 4 -1
5 5 3
---
n=6,k=3,n_chips=9
-1 -1 -1
4 -1 -1
4 -1 -1
4 3 -1
3 3 -1
4 4 3
---
n=6,k=3,n_chips=10
3 -1 -1
3 -1 -1
3 -1 -1
3 3 -1
2 2 -1
3 3 3
---
n=6,k=3,n_chips=8
-1 -1 -1
5 -1 -1
3 -1 -1
5 -1 -1
3 3 -1
5 4 4
---
n=6,k=3,n_chips=8
-1 -1 -1
4 -1 -1
4 -1 -1
4 -1 -1
3 3 -1
6 3 3
---
n=6,k=3,n_chips=10
3 -1 -1
3 -1 -1
3 3 -1
3 -1 -1
4 3 2
2 2 -1
---
n=6,k=3,n_chips=6
-1 -1 -1
-1 -1 -1
6 4 -1
-1 -1 -1
6 6 5
5 -1 -1
---
n=6,k=3,n_chips=8
-1 -1 -1
4 -1 -1
4 4 -1
4 -1 -1
5 4 4
3 -1 -1
---
n=6,k=3,n_chips=9
3 -1 -1
3 -1 -1
4 3 -1
3 -1 -1
4 4 3
2 -1 -1
---
n=6,k=3,n_chips=8
-1 -1 -1
4 -1 -1
5 3 -1
4 -1 -1
6 4 3
3 -1 -1
---
n=6,k=3,n_chips=9
3 -1 -1
3 -1 -1
4 3 -1
3 -1 -1
5 3 3
2 -1 -1
---
n=6,k=3,n_chips=6
-1 -1 -1
5 -1 -1
5 5 -1
-1 -1 -1
6 6 5
-1 -1 -1
---
n=6,k=3,n_chips=7
-1 -1 -1
4 -1 -1
5 4 -1
5 -1 -1
6 5 4
-1 -1 -1
---
n=6,k=3,n_chips=8
-1 -1 -1
3 -1 -1
5 3 -1
4 -1 -1
5 4 4
4 -1 -1
---
n=6,k=3,n_chips=7
-1 -1 -1
3 -1 -1
3 -1 -1
3 -1 -1
3 -1 -1
6 5 0
---
n=6,k=3,n_chips=8
4 -1 -1
3 -1 -1
2 -1 -1
2 -1 -1
2 -1 -1
5 5 1
---
n=6,k=3,n_chips=6
-1 -1 -1
3 -1 -1
3 -1 -1
6 5 -1
-1 -1 -1
6 5 -1
---
n=6,k=3,n_chips=7
-1 -1 -1
2 -1 -1
2 -1 -1
5 4 -1
7 -1 -1
5 4 -1
---
n=6,k=3,n_chips=7
-1 -1 -1
4 -1 -1
6 3 -1
4 -1 -1
-1 -1 -1
6 5 4
---
n=6,k=3,n_chips=8
-1 -1 -1
3 -1 -1
5 3 -1
3 -1 -1
5 -1 -1
5 4 4
---
n=6,k=3,n_chips=7
-1 -1 -1
4 -1 -1
5 4 -1
4 -1 -1
-1 -1 -1
5 5 5
---
n=6,k=3,n_chips=8
-1 -1 -1
3 -1 -1
4 4 -1
3 -1 -1
5 -1 -1
5 4 4
---
n=6,k=3,n_chips=6
-1 -1 -1
-1 -1 -1
5 5 -1
4 -1 -1
4 -1 -1
6 5 -1
---
n=6,k=3,n_chips=7
-1 -1 -1
4 -1 -1
5 4 -1
3 -1 -1
3 -1 -1
5 5 -1
---
n=6,k=3,n_chips=7
4 -1 -1
4 -1 -1
4 -1 -1
2 -1 -1
2 -1 -1
7 3 -1
---
n=6,k=3,n_chips=6
-1 -1 -1
-1 -1 -1
6 4 -1
5 -1 -1
6 5 -1
4 -1 -1
---
n=6,k=3,n_chips=7
-1 -1 -1
4 -1 -1
6 3 -1
4 -1 -1
5 5 -1
3 -1 -1
---
n=6,k=3,n_chips=7
-1 -1 -1
4 -1 -1
5 4 -1
4 -1 -1
6 4 -1
3 -1 -1
---
n=6,k=3,n_chips=7
-1 -1 -1
4 -1 -1
6 3 -1
4 -1 -1
6 4 -1
3 -1 -1
---
n=6,k=3,n_chips=8
3 -1 -1
3 -1 -1
4 4 -1
3 -1 -1
5 4 -1
2 -1 -1
---
n=6,k=3,n_chips=8
3 -1 -1
3 -1 -1
5 3 -1
3 -1 -1
5 4 -1
2 -1 -1
---
n=6,k=3,n_chips=7
-1 -1 -1
-1 -1 -1
5 -1 -1
4 4 -1
5 -1 -1
6 5 2
---
n=6,k=3,n_chips=8
-1 -1 -1
4 -1 -1
4 -1 -1
3 3 -1
4 -1 -1
5 5 1
---
n=6,k=3,n_chips=8
-1 -1 -1
4 -1 -1
4 -1 -1
3 3 -1
4 -1 -1
6 4 1
---
n=6,k=3,n_chips=9
3 -1 -1
3 -1 -1
3 -1 -1
2 2 -1
3 -1 -1
5 4 0
---
n=6,k=3,n_chips=8
4 -1 -1
4 -1 -1
4 -1 -1
3 2 -1
1 -1 -1
5 4 -1
---
n=6,k=3,n_chips=9
4 -1 -1
4 -1 -1
4 -1 -1
3 3 -1
0 -1 -1
5 4 2
---
n=6,k=3,n_chips=8
-1 -1 -1
5 -1 -1
5 -1 -1
4 4 -1
1 -1 -1
7 3 3
---
n=6,k=3,n_chips=9
4 -1 -1
4 -1 -1
4 -1 -1
3 3 -1
0 -1 -1
6 3 2
---
n=6,k=3,n_chips=7
-1 -1 -1
5 -1 -1
5 -1 -1
4 3 -1
2 -1 -1
7 3 -1
---
n=6,k=3,n_chips=8
4 -1 -1
4 -1 -1
4 -1 -1
3 2 -1
1 -1 -1
6 3 -1
---
n=6,k=3,n_chips=6
-1 -1 -1
5 -1 -1
3 -1 -1
-1 -1 -1
7 6 -1
4 4 -1
---
n=6,k=3,n_chips=7
-1 -1 -1
4 -1 -1
2 -1 -1
-1 -1 -1
6 5 -1
7 4 4
---
n=6,k=3,n_chips=8
-1 -1 -1
3 -1 -1
6 2 -1
-1 -1 -1
5 4 -1
6 4 3
---
n=6,k=3,n_chips=9
-1 -1 -1
2 -1 -1
5 2 -1
5 -1 -1
4 3 -1
5 3 3
---
n=6,k=3,n_chips=8
-1 -1 -1
3 -1 -1
4 4 -1
4 -1 -1
3 -1 -1
5 4 4
---
n=6,k=3,n_chips=8
-1 -1 -1
3 -1 -1
5 3 -1
4 -1 -1
3 -1 -1
5 4 4
---
n=6,k=3,n_chips=8
-1 -1 -1
3 -1 -1
2 -1 -1
6 -1 -1
5 3 -1
6 3 3
---
n=6,k=3,n_chips=8
-1 -1 -1
2 -1 -1
2 -1 -1
6 -1 -1
5 3 -1
6 3 3
---
n=6,k=3,n_chips=8
-1 -1 -1
3 -1 -1
2 -1 -1
6 -1 -1
4 4 -1
6 3 3
---
n=6,k=3,n_chips=8
-1 -1 -1
2 -1 -1
2 -1 -1
6 -1 -1
4 4 -1
6 3 3
---
n=6,k=3,n_chips=7
-1 -1 -1
-1 -1 -1
6 3 -1
5 -1 -1
3 -1 -1
6 5 5
---
n=6,k=3,n_chips=8
-1 -1 -1
4 -1 -1
5 3 -1
4 -1 -1
2 -1 -1
5 5 4
---
n=6,k=3,n_chips=9
3 -1 -1
3 -1 -1
5 2 -1
3 -1 -1
1 -1 -1
5 4 3
---
n=6,k=3,n_chips=7
-1 -1 -1
-1 -1 -1
7 2 -1
5 -1 -1
3 -1 -1
6 5 5
---
n=6,k=3,n_chips=8
-1 -1 -1
4 -1 -1
6 2 -1
4 -1 -1
2 -1 -1
5 5 4
---
n=6,k=3,n_chips=9
3 -1 -1
3 -1 -1
5 2 -1
3 -1 -1
1 -1 -1
4 4 4
---
n=6,k=3,n_chips=6
-1 -1 -1
-1 -1 -1
6 4 -1
-1 -1 -1
4 -1 -1
6 6 6
---
n=6,k=3,n_chips=7
-1 -1 -1
-1 -1 -1
5 4 -1
5 -1 -1
3 -1 -1
6 5 5
---
n=6,k=3,n_chips=8
-1 -1 -1
4 -1 -1
4 4 -1
4 -1 -1
2 -1 -1
5 5 4
---
n=6,k=3,n_chips=9
3 -1 -1
3 -1 -1
4 3 -1
3 -1 -1
1 -1 -1
5 4 3
---
n=6,k=3,n_chips=9
3 -1 -1
3 -1 -1
4 3 -1
3 -1 -1
1 -1 -1
4 4 4
---
n=6,k=3,n_chips=7
-1 -1 -1
5 5 5
-1 -1 -1
-1 -1 -1
6 -1 -1
6 5 3
---
n=6,k=3,n_chips=8
-1 -1 -1
4 4 4
-1 -1 -1
5 -1 -1
5 -1 -1
5 5 2
---
n=6,k=3,n_chips=9
-1 -1 -1
3 3 3
4 -1 -1
4 -1 -1
4 -1 -1
4 4 2
---
n=6,k=3,n_chips=10
3 -1 -1
2 2 2
3 -1 -1
3 -1 -1
3 -1 -1
3 3 2
---
n=6,k=3,n_chips=7
-1 -1 -1
4 4 -1
-1 -1 -1
-1 -1 -1
6 5 -1
7 4 4
---
n=6,k=3,n_chips=8
-1 -1 -1
3 3 -1
-1 -1 -1
6 -1 -1
5 4 -1
6 4 3
---
n=6,k=3,n_chips=9
-1 -1 -1
2 2 -1
5 -1 -1
5 -1 -1
4 3 -1
5 3 3
---
n=6,k=3,n_chips=7
-1 -1 -1
4 3 -1
-1 -1 -1
6 -1 -1
5 4 -1
5 5 -1
---
n=6,k=3,n_chips=6
-1 -1 -1
-1 -1 -1
-1 -1 -1
6 -1 -1
5 5 -1
6 5 5
---
n=6,k=3,n_chips=7
-1 -1 -1
3 -1 -1
-1 -1 -1
6 -1 -1
5 4 -1
5 5 5
---
n=6,k=3,n_chips=6
-1 -1 -1
5 4 -1
-1 -1 -1
-1 -1 -1
6 -1 -1
6 6 5
---
n=6,k=3,n_chips=7
-1 -1 -1
4 3 -1
-1 -1 -1
6 -1 -1
5 -1 -1
5 5 5
---
n=6,k=3,n_chips=8
-1 -1 -1
3 3 -1
-1 -1 -1
6 -1 -1
5 3 -1
5 5 4
---
n=6,k=3,n_chips=9
-1 -1 -1
2 2 -1
5 -1 -1
5 -1 -1
4 2 -1
4 4 4
---
n=6,k=3,n_chips=7
-1 -1 -1
4 -1 -1
-1 -1 -1
6 -1 -1
5 4 -1
5 5 4
---
n=6,k=3,n_chips=8
-1 -1 -1
3 -1 -1
5 -1 -1
5 -1 -1
4 3 -1
4 4 4
---
n=6,k=3,n_chips=6
-1 -1 -1
6 4 -1
-1 -1 -1
-1 -1 -1
7 6 -1
4 4 -1
---
n=6,k=3,n_chips=7
-1 -1 -1
5 3 -1
-1 -1 -1
-1 -1 -1
6 5 -1
7 4 4
---
n=6,k=3,n_chips=8
-1 -1 -1
4 2 -1
-1 -1 -1
6 -1 -1
5 4 -1
6 4 3
---
n=6,k=3,n_chips=9
-1 -1 -1
3 1 -1
5 -1 -1
5 -1 -1
4 3 -1
5 3 3
---
n=6,k=3,n_chips=7
-1 -1 -1
5 3 -1
-1 -1 -1
6 -1 -1
3 -1 -1
6 5 5
---
n=6,k=3,n_chips=8
-1 -1 -1
4 2 -1
-1 -1 -1
6 -1 -1
5 3 -1
5 5 4
---
n=6,k=3,n_chips=9
-1 -1 -1
3 1 -1
5 -1 -1
5 -1 -1
4 2 -1
4 4 4
---
n=6,k=3,n_chips=8
-1 -1 -1
4 2 -1
5 -1 -1
5 -1 -1
3 -1 -1
5 4 4
---
n=6,k=3,n_chips=7
-1 -1 -1
3 3 -1
-1 -1 -1
7 -1 -1
6 5 -1
5 3 -1
---
n=6,k=3,n_chips=8
-1 -1 -1
2 2 -1
6 -1 -1
6 -1 -1
5 4 -1
4 2 -1
---
n=6,k=3,n_chips=8
-1 -1 -1
5 5 2
-1 -1 -1
6 -1 -1
5 3 -1
4 3 -1
---
n=6,k=3,n_chips=9
-1 -1 -1
4 4 2
5 -1 -1
5 -1 -1
4 2 -1
3 2 -1
---
n=6,k=3,n_chips=10
4 -1 -1
3 3 2
4 -1 -1
4 -1 -1
3 1 -1
2 1 -1
---
n=6,k=3,n_chips=6
-1 -1 -1
4 4 -1
3 -1 -1
-1 -1 -1
-1 -1 -1
7 7 7
---
n=6,k=3,n_chips=7
-1 -1 -1
3 3 -1
2 -1 -1
-1 -1 -1
7 -1 -1
6 6 6
---
n=6,k=3,n_chips=8
-1 -1 -1
2 2 -1
1 -1 -1
6 -1 -1
6 -1 -1
5 5 5
---
n=6,k=3,n_chips=6
-1 -1 -1
5 5 -1
-1 -1 -1
4 -1 -1
6 6 6
-1 -1 -1
---
n=6,k=3,n_chips=7
-1 -1 -1
4 4 -1
-1 -1 -1
3 -1 -1
6 5 5
6 -1 -1
---
n=6,k=3,n_chips=8
-1 -1 -1
3 3 -1
5 -1 -1
2 -1 -1
5 5 4
5 -1 -1
---
n=6,k=3,n_chips=9
4 -1 -1
2 2 -1
4 -1 -1
1 -1 -1
4 4 4
4 -1 -1
---
n=6,k=3,n_chips=7
-1 -1 -1
4 4 -1
-1 -1 -1
4 -1 -1
7 4 4
6 -1 -1
---
n=6,k=3,n_chips=8
-1 -1 -1
3 3 -1
5 -1 -1
3 -1 -1
6 4 3
5 -1 -1
---
n=6,k=3,n_chips=9
4 -1 -1
2 2 -1
4 -1 -1
2 -1 -1
5 3 3
4 -1 -1
---
n=6,k=3,n_chips=6
-1 -1 -1
3 -1 -1
4 -1 -1
3 -1 -1
6 5 -1
3 -1 -1
---
n=6,k=3,n_chips=7
5 -1 -1
2 -1 -1
3 -1 -1
2 -1 -1
5 5 -1
2 -1 -1
---
n=6,k=3,n_chips=6
-1 -1 -1
3 -1 -1
4 -1 -1
3 -1 -1
7 4 -1
3 -1 -1
---
n=6,k=3,n_chips=7
5 -1 -1
2 -1 -1
3 -1 -1
2 -1 -1
6 4 -1
2 -1 -1
---
n=6,k=3,n_chips=8
4 -1 -1
2 -1 -1
2 -1 -1
3 -1 -1
6 4 2
2 -1 -1
---
n=6,k=3,n_chips=7
-1 -1 -1
3 -1 -1
3 -1 -1
3 -1 -1
5 5 4
3 -1 -1
---
n=6,k=3,n_chips=8
5 -1 -1
2 -1 -1
2 -1 -1
2 -1 -1
5 4 3
2 -1 -1
---
n=6,k=3,n_chips=8
5 -1 -1
2 -1 -1
2 -1 -1
2 -1 -1
5 5 2
2 -1 -1
---
n=6,k=3,n_chips=8
5 -1 -1
2 -1 -1
2 -1 -1
2 -1 -1
6 4 2
2 -1 -1
---
n=6,k=3,n_chips=8
4 -1 -1
2 -1 -1
2 -1 -1
2 -1 -1
6 4 2
2 -1 -1
---
n=6,k=3,n_chips=8
4 -1 -1
2 -1 -1
2 -1 -1
2 -1 -1
5 5 2
2 -1 -1
---
n=6,k=3,n_chips=8
4 -1 -1
2 -1 -1
2 -1 -1
2 -1 -1
5 4 3
2 -1 -1
---
n=6,k=3,n_chips=6
-1 -1 -1
-1 -1 -1
6 4 -1
4 -1 -1
6 5 -1
4 -1 -1
---
n=6,k=3,n_chips=7
-1 -1 -1
3 -1 -1
6 3 -1
3 -1 -1
6 4 -1
3 -1 -1
---
n=6,k=3,n_chips=8
4 -1 -1
2 -1 -1
6 2 -1
2 -1 -1
5 4 -1
2 -1 -1
---
n=6,k=3,n_chips=7
-1 -1 -1
3 -1 -1
5 4 -1
3 -1 -1
6 4 -1
3 -1 -1
---
n=6,k=3,n_chips=8
4 -1 -1
2 -1 -1
5 3 -1
2 -1 -1
5 4 -1
2 -1 -1
---
n=6,k=3,n_chips=8
5 -1 -1
2 -1 -1
2 -1 -1
2 -1 -1
4 4 4
2 -1 -1
---
n=6,k=3,n_chips=8
4 -1 -1
2 -1 -1
2 -1 -1
2 -1 -1
4 4 4
2 -1 -1
---
n=6,k=3,n_chips=8
4 -1 -1
2 -1 -1
4 4 -1
2 -1 -1
5 4 -1
2 -1 -1
---
n=6,k=3,n_chips=7
6 -1 -1
3 -1 -1
2 -1 -1
2 -1 -1
6 -1 -1
5 4 -1
---
n=6,k=3,n_chips=7
6 -1 -1
3 -1 -1
2 -1 -1
2 -1 -1
6 -1 -1
5 3 -1
---
n=6,k=3,n_chips=7
6 -1 -1
3 -1 -1
2 -1 -1
2 -1 -1
6 -1 -1
4 4 -1
---
n=6,k=3,n_chips=7
6 -1 -1
2 -1 -1
2 -1 -1
2 -1 -1
6 -1 -1
5 4 -1
---
n=6,k=3,n_chips=7
6 -1 -1
2 -1 -1
2 -1 -1
2 -1 -1
6 -1 -1
5 3 -1
---
n=6,k=3,n_chips=7
6 -1 -1
2 -1 -1
2 -1 -1
2 -1 -1
6 -1 -1
4 4 -1
---
n=6,k=3,n_chips=9
3 -1 -1
3 -1 -1
4 3 -1
2 -1 -1
4 4 3
2 -1 -1
---
n=6,k=3,n_chips=8
-1 -1 -1
3 -1 -1
5 3 -1
3 -1 -1
5 5 3
3 -1 -1
---
n=6,k=3,n_chips=9
3 -1 -1
2 -1 -1
4 3 -1
2 -1 -1
4 4 3
2 -1 -1
---
n=6,k=3,n_chips=7
-1 -1 -1
3 -1 -1
5 4 -1
3 -1 -1
3 -1 -1
5 5 -1
---
n=6,k=3,n_chips=6
-1 -1 -1
-1 -1 -1
5 -1 -1
4 4 -1
5 -1 -1
6 5 -1
---
n=6,k=3,n_chips=8
3 -1 -1
3 -1 -1
4 4 -1
2 -1 -1
2 -1 -1
5 4 -1
---
n=6,k=3,n_chips=7
-1 -1 -1
4 -1 -1
5 -1 -1
4 -1 -1
3 3 -1
6 4 -1
---
n=6,k=3,n_chips=7
-1 -1 -1
4 -1 -1
4 -1 -1
4 -1 -1
3 3 -1
5 5 -1
---
n=6,k=3,n_chips=7
-1 -1 -1
4 -1 -1
4 -1 -1
4 -1 -1
3 3 -1
6 4 -1
---
n=6,k=3,n_chips=7
-1 -1 -1
4 -1 -1
5 4 -1
4 -1 -1
3 -1 -1
7 3 -1
---
n=6,k=3,n_chips=8
3 -1 -1
3 -1 -1
5 3 -1
3 -1 -1
2 -1 -1
6 3 -1
---
n=6,k=3,n_chips=8
3 -1 -1
3 -1 -1
4 4 -1
3 -1 -1
2 -1 -1
6 3 -1
---
n=6,k=3,n_chips=7
-1 -1 -1
5 4 -1
5 4 -1
-1 -1 -1
4 -1 -1
5 5 -1
---
n=6,k=3,n_chips=8
-1 -1 -1
4 4 -1
5 3 -1
3 -1 -1
3 -1 -1
5 4 -1
---
n=6,k=3,n_chips=9
3 -1 -1
4 3 -1
4 3 -1
2 -1 -1
2 -1 -1
4 4 -1
---
n=6,k=3,n_chips=8
-1 -1 -1
-1 -1 -1
-1 -1 -1
5 4 -1
6 5 3
6 5 3
---
n=6,k=3,n_chips=9
-1 -1 -1
-1 -1 -1
5 -1 -1
4 3 -1
5 5 2
5 5 2
---
n=6,k=3,n_chips=10
-1 -1 -1
4 -1 -1
4 -1 -1
3 2 -1
4 4 2
4 4 2
---
n=6,k=3,n_chips=11
3 -1 -1
3 -1 -1
3 -1 -1
2 1 -1
3 3 2
3 3 2
---
n=6,k=3,n_chips=6
-1 -1 -1
-1 -1 -1
-1 -1 -1
6 5 -1
5 -1 -1
6 5 5
---
n=6,k=3,n_chips=7
-1 -1 -1
-1 -1 -1
5 -1 -1
5 5 -1
4 -1 -1
5 5 4
---
n=6,k=3,n_chips=8
-1 -1 -1
4 -1 -1
4 -1 -1
5 4 -1
3 -1 -1
4 4 4
---
n=6,k=3,n_chips=8
-1 -1 -1
-1 -1 -1
6 -1 -1
4 4 -1
4 3 -1
5 5 3
---
n=6,k=3,n_chips=9
-1 -1 -1
5 -1 -1
5 -1 -1
3 3 -1
3 2 -1
4 4 3
---
n=6,k=3,n_chips=10
4 -1 -1
4 -1 -1
4 -1 -1
2 2 -1
2 1 -1
3 3 3
---
n=6,k=3,n_chips=7
-1 -1 -1
-1 -1 -1
-1 -1 -1
5 5 -1
5 4 -1
7 4 4
---
n=6,k=3,n_chips=8
-1 -1 -1
-1 -1 -1
6 -1 -1
4 4 -1
4 3 -1
6 4 3
---
n=6,k=3,n_chips=9
-1 -1 -1
5 -1 -1
5 -1 -1
3 3 -1
3 2 -1
5 4 2
---
n=6,k=3,n_chips=10
4 -1 -1
4 -1 -1
4 -1 -1
2 2 -1
2 1 -1
4 3 2
---
n=6,k=3,n_chips=8
-1 -1 -1
5 -1 -1
5 -1 -1
-1 -1 -1
4 4 4
5 4 3
---
n=6,k=3,n_chips=9
4 -1 -1
4 -1 -1
4 -1 -1
-1 -1 -1
3 3 3
4 3 3
---
n=6,k=3,n_chips=9
-1 -1 -1
5 -1 -1
5 -1 -1
4 3 -1
3 2 -1
5 4 1
---
n=6,k=3,n_chips=10
4 -1 -1
4 -1 -1
4 -1 -1
3 2 -1
2 1 -1
4 3 1
---
n=6,k=3,n_chips=9
-1 -1 -1
5 -1 -1
5 -1 -1
4 3 -1
3 2 -1
6 3 1
---
n=6,k=3,n_chips=10
4 -1 -1
4 -1 -1
4 -1 -1
3 2 -1
2 1 -1
5 2 1
---
n=6,k=3,n_chips=6
-1 -1 -1
-1 -1 -1
-1 -1 -1
6 6 -1
5 5 -1
5 4 -1
---
n=6,k=3,n_chips=7
-1 -1 -1
-1 -1 -1
7 -1 -1
5 5 -1
4 4 -1
4 3 -1
---
n=6,k=3,n_chips=8
-1 -1 -1
6 -1 -1
6 -1 -1
4 4 -1
3 3 -1
3 2 -1
---
n=6,k=3,n_chips=9
5 -1 -1
5 -1 -1
5 -1 -1
3 3 -1
2 2 -1
2 1 -1
---
n=6,k=3,n_chips=6
-1 -1 -1
-1 -1 -1
-1 -1 -1
6 5 -1
6 5 -1
5 4 -1
---
n=6,k=3,n_chips=7
-1 -1 -1
-1 -1 -1
7 -1 -1
5 4 -1
5 4 -1
4 3 -1
---
n=6,k=3,n_chips=8
-1 -1 -1
6 -1 -1
6 -1 -1
4 3 -1
4 3 -1
3 2 -1
---
n=6,k=3,n_chips=9
5 -1 -1
5 -1 -1
5 -1 -1
3 2 -1
3 2 -1
2 1 -1
---
n=6,k=3,n_chips=6
-1 -1 -1
-1 -1 -1
-1 -1 -1
6 6 -1
6 4 -1
5 4 -1
---
n=6,k=3,n_chips=7
-1 -1 -1
-1 -1 -1
7 -1 -1
5 5 -1
5 3 -1
4 3 -1
---
n=6,k=3,n_chips=8
-1 -1 -1
6 -1 -1
6 -1 -1
4 4 -1
4 2 -1
3 2 -1
---
n=6,k=3,n_chips=9
5 -1 -1
5 -1 -1
5 -1 -1
3 3 -1
3 1 -1
2 1 -1
---
n=6,k=3,n_chips=10
4 -1 -1
4 -1 -1
4 -1 -1
3 1 -1
4 3 1
2 1 -1
---
n=6,k=3,n_chips=9
-1 -1 -1
5 -1 -1
5 -1 -1
4 2 -1
3 2 -1
6 3 1
---
n=6,k=3,n_chips=10
4 -1 -1
4 -1 -1
4 -1 -1
3 1 -1
2 1 -1
5 2 1
---
n=6,k=3,n_chips=8
-1 -1 -1
5 -1 -1
2 -1 -1
5 -1 -1
4 3 -1
6 3 3
---
n=6,k=3,n_chips=7
-1 -1 -1
-1 -1 -1
4 -1 -1
6 -1 -1
5 3 -1
7 4 4
---
n=6,k=3,n_chips=8
-1 -1 -1
5 -1 -1
3 -1 -1
5 -1 -1
4 2 -1
6 4 3
---
n=6,k=3,n_chips=9
4 -1 -1
4 -1 -1
2 -1 -1
4 -1 -1
3 1 -1
5 3 3
---
n=6,k=3,n_chips=8
4 -1 -1
3 -1 -1
2 -1 -1
2 -1 -1
2 -1 -1
5 5 0
---
n=6,k=3,n_chips=9
4 -1 -1
4 -1 -1
2 -1 -1
4 -1 -1
5 4 2
3 1 -1
---
n=6,k=3,n_chips=8
5 4 -1
5 -1 -1
5 -1 -1
2 -1 -1
4 2 -1
1 -1 -1
---
n=6,k=3,n_chips=8
5 4 -1
5 -1 -1
5 -1 -1
1 -1 -1
4 2 -1
1 -1 -1
---
n=6,k=3,n_chips=7
5 5 -1
-1 -1 -1
4 -1 -1
4 4 -1
2 -1 -1
6 -1 -1
---
n=6,k=3,n_chips=6
7 4 -1
-1 -1 -1
-1 -1 -1
6 5 5
-1 -1 -1
5 -1 -1
---
n=6,k=3,n_chips=7
6 4 -1
-1 -1 -1
-1 -1 -1
5 5 5
3 -1 -1
5 -1 -1
---
n=6,k=3,n_chips=8
5 4 -1
-1 -1 -1
4 -1 -1
5 4 4
2 -1 -1
4 -1 -1
---
n=6,k=3,n_chips=9
4 4 -1
3 -1 -1
3 -1 -1
4 4 3
1 -1 -1
3 -1 -1
---
n=6,k=3,n_chips=9
5 3 -1
3 -1 -1
3 -1 -1
4 4 3
1 -1 -1
3 -1 -1
---
n=6,k=3,n_chips=9
4 4 -1
3 -1 -1
3 -1 -1
5 3 3
1 -1 -1
3 -1 -1
---
n=6,k=3,n_chips=9
5 3 -1
3 -1 -1
3 -1 -1
5 3 3
1 -1 -1
3 -1 -1
---
n=6,k=3,n_chips=7
-1 -1 -1
5 -1 -1
3 -1 -1
3 -1 -1
6 3 -1
5 5 -1
---
n=6,k=3,n_chips=9
4 -1 -1
4 -1 -1
2 -1 -1
1 -1 -1
4 4 -1
4 4 4
---
n=6,k=3,n_chips=9
4 -1 -1
4 -1 -1
1 -1 -1
1 -1 -1
4 4 -1
4 4 4
---
n=6,k=3,n_chips=7
-1 -1 -1
6 -1 -1
4 -1 -1
3 -1 -1
5 3 -1
5 5 -1
---
n=6,k=3,n_chips=7
-1 -1 -1
6 -1 -1
3 -1 -1
3 -1 -1
4 4 -1
5 5 -1
---
n=6,k=3,n_chips=7
-1 -1 -1
6 -1 -1
3 -1 -1
3 -1 -1
5 3 -1
5 5 -1
---
n=6,k=3,n_chips=8
5 -1 -1
5 -1 -1
3 -1 -1
2 -1 -1
3 3 -1
5 4 -1
---
n=6,k=3,n_chips=8
5 -1 -1
5 -1 -1
3 -1 -1
1 -1 -1
3 3 -1
5 4 -1
---
n=6,k=3,n_chips=8
5 -1 -1
5 -1 -1
2 -1 -1
2 -1 -1
3 3 -1
5 4 -1
---
n=6,k=3,n_chips=8
5 -1 -1
5 -1 -1
2 -1 -1
1 -1 -1
3 3 -1
5 4 -1
---
n=6,k=3,n_chips=8
5 -1 -1
5 -1 -1
1 -1 -1
1 -1 -1
5 -1 -1
4 4 4
---
n=6,k=3,n_chips=8
5 -1 -1
5 -1 -1
2 -1 -1
1 -1 -1
5 -1 -1
4 4 3
---
n=6,k=3,n_chips=8
5 -1 -1
5 -1 -1
1 -1 -1
1 -1 -1
5 -1 -1
4 4 3
---
n=6,k=3,n_chips=7
-1 -1 -1
5 -1 -1
3 -1 -1
3 -1 -1
7 3 -1
5 4 -1
---
n=6,k=3,n_chips=8
4 -1 -1
4 -1 -1
2 -1 -1
2 -1 -1
6 3 -1
4 4 -1
---
n=6,k=3,n_chips=8
5 -1 -1
5 -1 -1
2 -1 -1
2 -1 -1
2 -1 -1
6 3 3
---
n=6,k=3,n_chips=7
-1 -1 -1
6 -1 -1
3 -1 -1
3 -1 -1
5 3 -1
7 3 -1
---
n=6,k=3,n_chips=8
5 -1 -1
5 -1 -1
2 -1 -1
2 -1 -1
4 2 -1
6 3 -1
---
n=6,k=3,n_chips=7
-1 -1 -1
6 -1 -1
3 -1 -1
3 -1 -1
4 4 -1
7 3 -1
---
n=6,k=3,n_chips=8
5 -1 -1
5 -1 -1
2 -1 -1
2 -1 -1
3 3 -1
6 3 -1
---
n=6,k=3,n_chips=8
4 -1 -1
4 -1 -1
2 -1 -1
2 -1 -1
2 -1 -1
6 3 3
---
n=6,k=3,n_chips=8
4 -1 -1
4 -1 -1
2 -1 -1
2 -1 -1
6 3 -1
5 3 -1
---
n=6,k=3,n_chips=7
-1 -1 -1
5 -1 -1
-1 -1 -1
3 -1 -1
7 3 -1
5 5 5
---
n=6,k=3,n_chips=8
4 -1 -1
4 -1 -1
-1 -1 -1
2 -1 -1
6 3 -1
5 4 4
---
n=6,k=3,n_chips=9
4 -1 -1
4 -1 -1
2 -1 -1
1 -1 -1
5 3 -1
4 4 4
---
n=6,k=3,n_chips=9
4 -1 -1
4 -1 -1
1 -1 -1
1 -1 -1
5 3 -1
4 4 4
---
n=6,k=3,n_chips=8
-1 -1 -1
-1 -1 -1
3 -1 -1
3 -1 -1
5 5 4
5 5 4
---
n=6,k=3,n_chips=9
-1 -1 -1
4 -1 -1
2 -1 -1
2 -1 -1
4 4 4
4 4 4
---
n=6,k=3,n_chips=8
-1 -1 -1
-1 -1 -1
3 -1 -1
5 4 -1
5 4 -1
6 6 3
---
n=6,k=3,n_chips=9
-1 -1 -1
5 -1 -1
2 -1 -1
4 3 -1
4 3 -1
5 5 3
---
n=6,k=3,n_chips=10
4 -1 -1
4 -1 -1
1 -1 -1
3 2 -1
3 2 -1
4 4 3
---
n=6,k=3,n_chips=8
-1 -1 -1
-1 -1 -1
3 -1 -1
5 4 -1
6 5 3
5 4 -1
---
n=6,k=3,n_chips=9
-1 -1 -1
5 -1 -1
2 -1 -1
4 3 -1
5 4 3
4 3 -1
---
n=6,k=3,n_chips=10
4 -1 -1
4 -1 -1
1 -1 -1
3 2 -1
4 3 3
3 2 -1
---
n=6,k=3,n_chips=9
-1 -1 -1
5 -1 -1
2 -1 -1
4 3 -1
5 5 2
4 3 -1
---
n=6,k=3,n_chips=10
4 -1 -1
4 -1 -1
1 -1 -1
3 2 -1
4 4 2
3 2 -1
---
n=6,k=3,n_chips=8
-1 -1 -1
-1 -1 -1
3 -1 -1
5 4 -1
5 4 -1
7 4 3
---
n=6,k=3,n_chips=9
-1 -1 -1
5 -1 -1
2 -1 -1
4 3 -1
4 3 -1
6 4 2
---
n=6,k=3,n_chips=10
4 -1 -1
4 -1 -1
1 -1 -1
3 2 -1
3 2 -1
5 3 2
---
n=6,k=3,n_chips=9
-1 -1 -1
4 -1 -1
2 -1 -1
2 -1 -1
5 5 2
5 5 2
---
n=6,k=3,n_chips=10
3 -1 -1
3 -1 -1
1 -1 -1
1 -1 -1
4 4 2
4 4 2
---
n=6,k=3,n_chips=8
-1 -1 -1
-1 -1 -1
3 -1 -1
3 -1 -1
6 5 3
5 5 4
---
n=6,k=3,n_chips=9
-1 -1 -1
4 -1 -1
2 -1 -1
2 -1 -1
5 4 3
4 4 4
---
n=6,k=3,n_chips=10
3 -1 -1
3 -1 -1
1 -1 -1
1 -1 -1
4 4 2
4 3 3
---
n=6,k=3,n_chips=10
3 -1 -1
3 -1 -1
1 -1 -1
1 -1 -1
4 3 3
4 3 3
---
n=6,k=3,n_chips=7
-1 -1 -1
-1 -1 -1
4 -1 -1
4 -1 -1
5 5 -1
5 5 4
---
n=6,k=3,n_chips=8
-1 -1 -1
4 -1 -1
3 -1 -1
3 -1 -1
5 4 -1
4 4 4
---
n=6,k=3,n_chips=7
-1 -1 -1
-1 -1 -1
4 -1 -1
4 -1 -1
6 4 -1
6 4 4
---
n=6,k=3,n_chips=8
-1 -1 -1
4 -1 -1
3 -1 -1
3 -1 -1
5 4 -1
5 4 3
---
n=6,k=3,n_chips=9
3 -1 -1
3 -1 -1
2 -1 -1
2 -1 -1
4 4 -1
4 3 3
---
n=6,k=3,n_chips=8
5 -1 -1
5 -1 -1
2 -1 -1
1 -1 -1
1 -1 -1
5 5 5
---
n=6,k=3,n_chips=8
5 -1 -1
5 -1 -1
1 -1 -1
1 -1 -1
1 -1 -1
5 5 5
---
n=6,k=3,n_chips=6
-1 -1 -1
-1 -1 -1
3 -1 -1
3 -1 -1
7 6 5
6 -1 -1
---
n=6,k=3,n_chips=6
-1 -1 -1
-1 -1 -1
-1 -1 -1
3 -1 -1
7 6 5
6 5 -1
---
n=6,k=3,n_chips=7
-1 -1 -1
-1 -1 -1
2 -1 -1
2 -1 -1
6 6 5
6 4 -1
---
n=6,k=3,n_chips=7
-1 -1 -1
-1 -1 -1
2 -1 -1
5 3 -1
6 4 -1
6 4 -1
---
n=6,k=3,n_chips=6
-1 -1 -1
-1 -1 -1
5 5 -1
5 5 -1
7 5 -1
-1 -1 -1
---
n=6,k=3,n_chips=7
-1 -1 -1
-1 -1 -1
4 4 -1
4 4 -1
7 4 -1
5 -1 -1
---
n=6,k=3,n_chips=7
-1 -1 -1
-1 -1 -1
4 4 -1
4 4 -1
6 5 -1
5 -1 -1
---
n=6,k=3,n_chips=7
-1 -1 -1
5 -1 -1
3 -1 -1
2 -1 -1
7 5 4
5 -1 -1
---
n=6,k=3,n_chips=7
-1 -1 -1
5 -1 -1
2 -1 -1
2 -1 -1
7 5 4
5 -1 -1
---
n=6,k=3,n_chips=7
-1 -1 -1
5 -1 -1
3 -1 -1
2 -1 -1
6 6 4
5 -1 -1
---
n=6,k=3,n_chips=7
-1 -1 -1
5 -1 -1
2 -1 -1
2 -1 -1
6 6 4
5 -1 -1
---
n=6,k=3,n_chips=7
-1 -1 -1
4 -1 -1
3 -1 -1
3 -1 -1
6 4 4
3 -1 -1
---
n=6,k=3,n_chips=8
-1 -1 -1
4 -1 -1
3 3 -1
3 3 -1
5 5 -1
4 -1 -1
---
n=6,k=3,n_chips=8
-1 -1 -1
4 -1 -1
3 3 -1
3 3 -1
6 4 -1
4 -1 -1
---
n=6,k=3,n_chips=8
-1 -1 -1
-1 -1 -1
5 4 -1
5 4 -1
5 4 -1
4 4 -1
---
n=6,k=3,n_chips=9
-1 -1 -1
5 -1 -1
4 3 -1
4 3 -1
4 3 -1
3 3 -1
---
n=6,k=3,n_chips=10
4 -1 -1
4 -1 -1
3 2 -1
3 2 -1
3 2 -1
2 2 -1
---
n=6,k=3,n_chips=7
-1 -1 -1
-1 -1 -1
6 6 -1
7 4 3
-1 -1 -1
4 4 -1
---
n=6,k=3,n_chips=8
-1 -1 -1
-1 -1 -1
5 5 -1
6 4 2
6 -1 -1
3 3 -1
---
n=6,k=3,n_chips=9
-1 -1 -1
5 -1 -1
4 4 -1
5 3 2
5 -1 -1
2 2 -1
---
n=6,k=3,n_chips=10
4 -1 -1
4 -1 -1
3 3 -1
4 2 2
4 -1 -1
1 1 -1
---
n=6,k=3,n_chips=6
6 -1 -1
-1 -1 -1
-1 -1 -1
-1 -1 -1
5 4 -1
7 5 5
---
n=6,k=3,n_chips=7
5 -1 -1
-1 -1 -1
-1 -1 -1
6 -1 -1
4 3 -1
6 5 4
---
n=6,k=3,n_chips=8
4 -1 -1
-1 -1 -1
5 -1 -1
5 -1 -1
3 2 -1
5 5 3
---
n=6,k=3,n_chips=9
3 -1 -1
4 -1 -1
4 -1 -1
4 -1 -1
2 1 -1
4 4 3
---
n=6,k=3,n_chips=8
-1 -1 -1
6 -1 -1
5 3 -1
3 -1 -1
4 3 -1
4 4 -1
---
n=6,k=3,n_chips=9
5 -1 -1
5 -1 -1
4 2 -1
2 -1 -1
3 2 -1
3 3 -1
---
n=6,k=3,n_chips=7
-1 -1 -1
-1 -1 -1
6 4 -1
5 5 -1
3 -1 -1
5 5 -1
---
n=6,k=3,n_chips=8
-1 -1 -1
6 -1 -1
5 3 -1
4 4 -1
2 -1 -1
4 4 -1
---
n=6,k=3,n_chips=9
5 -1 -1
5 -1 -1
4 2 -1
3 3 -1
1 -1 -1
3 3 -1
---
n=6,k=3,n_chips=9
4 -1 -1
4 -1 -1
0 -1 -1
4 -1 -1
3 3 -1
5 3 3
---
n=6,k=3,n_chips=9
4 -1 -1
4 -1 -1
0 -1 -1
4 -1 -1
4 4 3
3 3 -1
---
n=6,k=3,n_chips=7
-1 -1 -1
-1 -1 -1
2 -1 -1
6 -1 -1
5 4 -1
6 5 5
---
n=6,k=3,n_chips=8
-1 -1 -1
5 -1 -1
1 -1 -1
5 -1 -1
4 3 -1
6 4 4
---
n=6,k=3,n_chips=8
-1 -1 -1
5 -1 -1
1 -1 -1
5 -1 -1
4 3 -1
5 5 4
---
n=6,k=3,n_chips=7
-1 -1 -1
-1 -1 -1
2 -1 -1
6 -1 -1
5 3 -1
6 5 5
---
n=6,k=3,n_chips=8
-1 -1 -1
5 -1 -1
1 -1 -1
5 -1 -1
4 2 -1
5 5 4
---
n=6,k=3,n_chips=8
-1 -1 -1
5 -1 -1
1 -1 -1
5 -1 -1
4 2 -1
6 4 4
---
n=6,k=3,n_chips=9
4 -1 -1
4 -1 -1
0 -1 -1
4 -1 -1
3 2 -1
4 4 4
---
n=6,k=3,n_chips=9
4 -1 -1
4 -1 -1
0 -1 -1
4 -1 -1
3 2 -1
5 4 3
---
n=6,k=3,n_chips=9
4 -1 -1
4 -1 -1
0 -1 -1
4 -1 -1
3 1 -1
5 4 3
---
n=6,k=3,n_chips=9
4 -1 -1
4 -1 -1
0 -1 -1
4 -1 -1
3 1 -1
4 4 4
---
n=6,k=3,n_chips=6
-1 -1 -1
-1 -1 -1
6 6 -1
7 4 -1
-1 -1 -1
4 4 -1
---
n=6,k=3,n_chips=7
-1 -1 -1
-1 -1 -1
5 5 -1
6 3 -1
7 -1 -1
3 3 -1
---
n=6,k=3,n_chips=8
-1 -1 -1
6 -1 -1
4 4 -1
5 2 -1
6 -1 -1
2 2 -1
---
n=6,k=3,n_chips=9
5 -1 -1
5 -1 -1
3 3 -1
4 1 -1
5 -1 -1
1 1 -1
---
n=6,k=3,n_chips=6
-1 -1 -1
-1 -1 -1
7 7 -1
5 4 -1
-1 -1 -1
4 4 -1
---
n=6,k=3,n_chips=7
-1 -1 -1
-1 -1 -1
6 6 -1
4 3 -1
-1 -1 -1
7 4 4
---
n=6,k=3,n_chips=8
-1 -1 -1
-1 -1 -1
5 5 -1
3 2 -1
6 -1 -1
6 4 3
---
n=6,k=3,n_chips=9
-1 -1 -1
5 -1 -1
4 4 -1
2 1 -1
5 -1 -1
5 3 3
---
n=6,k=3,n_chips=9
-1 -1 -1
5 -1 -1
4 3 -1
3 1 -1
5 -1 -1
5 4 2
---
n=6,k=3,n_chips=10
4 -1 -1
4 -1 -1
3 2 -1
2 0 -1
4 -1 -1
4 3 2
---
n=6,k=3,n_chips=8
-1 -1 -1
-1 -1 -1
5 4 -1
4 2 -1
6 -1 -1
5 5 3
---
n=6,k=3,n_chips=9
-1 -1 -1
5 -1 -1
4 3 -1
3 1 -1
5 -1 -1
4 4 3
---
n=6,k=3,n_chips=10
4 -1 -1
4 -1 -1
3 2 -1
2 0 -1
4 -1 -1
3 3 3
---
n=6,k=3,n_chips=9
-1 -1 -1
5 -1 -1
4 4 -1
5 -1 -1
5 4 1
2 2 -1
---
n=6,k=3,n_chips=10
4 -1 -1
4 -1 -1
3 3 -1
4 -1 -1
4 3 1
1 1 -1
---
n=6,k=3,n_chips=9
-1 -1 -1
5 -1 -1
4 3 -1
5 -1 -1
5 4 2
2 2 -1
---
n=6,k=3,n_chips=10
4 -1 -1
4 -1 -1
3 2 -1
4 -1 -1
4 3 2
1 1 -1
---
n=6,k=3,n_chips=9
-1 -1 -1
5 -1 -1
4 4 -1
6 3 1
5 -1 -1
2 2 -1
---
n=6,k=3,n_chips=10
4 -1 -1
4 -1 -1
3 3 -1
5 2 1
4 -1 -1
1 1 -1
---
n=6,k=3,n_chips=9
5 -1 -1
5 -1 -1
4 3 -1
3 1 -1
5 -1 -1
1 1 -1
---
n=6,k=3,n_chips=7
-1 -1 -1
-1 -1 -1
6 6 -1
7 -1 -1
4 3 -1
3 3 -1
---
n=6,k=3,n_chips=8
-1 -1 -1
6 -1 -1
5 5 -1
6 -1 -1
3 2 -1
2 2 -1
---
n=6,k=3,n_chips=9
5 -1 -1
5 -1 -1
4 4 -1
5 -1 -1
2 1 -1
1 1 -1
---
n=6,k=3,n_chips=7
-1 -1 -1
-1 -1 -1
7 3 -1
4 -1 -1
6 4 4
5 -1 -1
---
n=6,k=3,n_chips=8
-1 -1 -1
4 -1 -1
6 3 -1
3 -1 -1
5 4 3
4 -1 -1
---
n=6,k=3,n_chips=9
3 -1 -1
3 -1 -1
5 3 -1
2 -1 -1
4 3 3
3 -1 -1
---
n=6,k=3,n_chips=9
3 -1 -1
3 -1 -1
5 3 -1
2 -1 -1
3 -1 -1
5 3 2
---
n=6,k=3,n_chips=9
3 -1 -1
3 -1 -1
5 3 -1
2 -1 -1
3 -1 -1
4 4 2
---
n=6,k=3,n_chips=9
3 -1 -1
3 -1 -1
4 4 -1
2 -1 -1
3 -1 -1
4 4 2
---
n=6,k=3,n_chips=8
-1 -1 -1
4 -1 -1
5 4 -1
3 -1 -1
4 -1 -1
6 3 3
---
n=6,k=3,n_chips=9
3 -1 -1
3 -1 -1
4 4 -1
2 -1 -1
3 -1 -1
5 3 2
---
n=6,k=3,n_chips=7
6 4 -1
6 3 -1
3 -1 -1
-1 -1 -1
-1 -1 -1
5 5 -1
---
n=6,k=3,n_chips=8
6 3 -1
5 3 -1
2 -1 -1
-1 -1 -1
5 -1 -1
4 4 -1
---
n=6,k=3,n_chips=9
5 3 -1
4 3 -1
1 -1 -1
4 -1 -1
4 -1 -1
3 3 -1
---
n=6,k=3,n_chips=8
5 4 -1
5 3 -1
2 -1 -1
-1 -1 -1
5 -1 -1
4 4 -1
---
n=6,k=3,n_chips=9
4 4 -1
4 3 -1
1 -1 -1
4 -1 -1
4 -1 -1
3 3 -1
---
n=6,k=3,n_chips=7
7 3 -1
6 3 -1
3 -1 -1
-1 -1 -1
-1 -1 -1
5 4 -1
---
n=6,k=3,n_chips=8
6 3 -1
5 3 -1
2 -1 -1
-1 -1 -1
5 -1 -1
4 3 -1
---
n=6,k=3,n_chips=9
5 3 -1
4 3 -1
1 -1 -1
4 -1 -1
4 -1 -1
3 2 -1
---
n=6,k=3,n_chips=7
6 4 -1
6 3 -1
3 -1 -1
-1 -1 -1
-1 -1 -1
5 4 -1
---
n=6,k=3,n_chips=8
5 4 -1
5 3 -1
2 -1 -1
-1 -1 -1
5 -1 -1
4 3 -1
---
n=6,k=3,n_chips=9
4 4 -1
4 3 -1
1 -1 -1
4 -1 -1
4 -1 -1
3 2 -1
---
n=6,k=3,n_chips=6
-1 -1 -1
4 -1 -1
4 -1 -1
-1 -1 -1
7 -1 -1
5 5 5
---
n=6,k=3,n_chips=7
-1 -1 -1
3 -1 -1
3 -1 -1
6 -1 -1
6 -1 -1
4 4 4
---
n=6,k=3,n_chips=6
-1 -1 -1
5 -1 -1
3 -1 -1
-1 -1 -1
7 -1 -1
6 5 5
---
n=6,k=3,n_chips=7
-1 -1 -1
4 -1 -1
2 -1 -1
6 -1 -1
6 -1 -1
5 4 4
---
n=6,k=3,n_chips=8
-1 -1 -1
2 -1 -1
2 -1 -1
6 -1 -1
5 5 4
5 3 -1
---
n=6,k=3,n_chips=7
-1 -1 -1
6 -1 -1
3 -1 -1
-1 -1 -1
6 4 4
5 4 -1
---
n=6,k=3,n_chips=7
-1 -1 -1
4 -1 -1
3 3 -1
5 -1 -1
7 3 -1
4 -1 -1
---
n=6,k=3,n_chips=7
5 5 -1
-1 -1 -1
4 -1 -1
5 -1 -1
5 5 -1
2 -1 -1
---
n=6,k=3,n_chips=7
6 4 -1
-1 -1 -1
4 -1 -1
5 -1 -1
5 5 -1
2 -1 -1
---
n=6,k=3,n_chips=7
6 4 -1
-1 -1 -1
3 -1 -1
5 -1 -1
5 5 -1
2 -1 -1
---
n=6,k=3,n_chips=8
6 3 -1
5 -1 -1
3 -1 -1
5 -1 -1
4 3 -1
1 -1 -1
---
n=6,k=3,n_chips=7
7 3 -1
-1 -1 -1
4 -1 -1
5 -1 -1
5 5 -1
2 -1 -1
---
n=6,k=3,n_chips=8
6 3 -1
4 -1 -1
3 -1 -1
4 -1 -1
5 4 -1
1 -1 -1
---
n=6,k=3,n_chips=7
6 4 -1
-1 -1 -1
4 -1 -1
5 -1 -1
6 4 -1
2 -1 -1
---
n=6,k=3,n_chips=8
5 4 -1
4 -1 -1
3 -1 -1
4 -1 -1
5 4 -1
1 -1 -1
---
n=6,k=3,n_chips=8
-1 -1 -1
5 -1 -1
3 3 -1
5 -1 -1
2 -1 -1
6 4 4
---
n=6,k=3,n_chips=9
4 -1 -1
4 -1 -1
2 2 -1
4 -1 -1
1 -1 -1
5 4 3
---
n=6,k=3,n_chips=8
-1 -1 -1
4 -1 -1
1 -1 -1
6 -1 -1
5 3 -1
5 5 4
---
n=6,k=3,n_chips=8
-1 -1 -1
4 -1 -1
1 -1 -1
6 -1 -1
5 3 -1
6 4 4
---
n=6,k=3,n_chips=8
-1 -1 -1
4 -1 -1
1 -1 -1
6 -1 -1
4 3 -1
5 5 4
---
n=6,k=3,n_chips=8
-1 -1 -1
4 -1 -1
1 -1 -1
6 -1 -1
4 3 -1
6 4 4
---
n=6,k=3,n_chips=8
-1 -1 -1
4 -1 -1
1 -1 -1
6 -1 -1
5 2 -1
5 5 4
---
n=6,k=3,n_chips=8
-1 -1 -1
4 -1 -1
1 -1 -1
6 -1 -1
5 2 -1
6 4 4
---
n=6,k=3,n_chips=7
-1 -1 -1
4 -1 -1
2 -1 -1
6 -1 -1
5 3 -1
5 5 -1
---
n=6,k=3,n_chips=7
-1 -1 -1
-1 -1 -1
5 -1 -1
5 -1 -1
4 3 -1
7 4 4
---
n=6,k=3,n_chips=8
-1 -1 -1
4 -1 -1
4 -1 -1
4 -1 -1
3 2 -1
6 4 3
---
n=6,k=3,n_chips=8
-1 -1 -1
5 3 -1
4 -1 -1
4 -1 -1
2 -1 -1
6 4 4
---
n=6,k=3,n_chips=9
3 -1 -1
4 3 -1
3 -1 -1
3 -1 -1
1 -1 -1
6 3 3
---
n=6,k=3,n_chips=7
-1 -1 -1
2 -1 -1
7 -1 -1
4 -1 -1
6 3 -1
5 3 -1
---
n=6,k=3,n_chips=7
-1 -1 -1
2 -1 -1
7 -1 -1
3 -1 -1
6 3 -1
5 3 -1
---
n=6,k=3,n_chips=7
-1 -1 -1
-1 -1 -1
5 -1 -1
3 -1 -1
5 5 -1
5 5 5
---
n=6,k=3,n_chips=8
3 -1 -1
3 -1 -1
3 -1 -1
2 -1 -1
6 2 -1
5 4 -1
---
n=6,k=3,n_chips=8
3 -1 -1
2 -1 -1
2 -1 -1
3 -1 -1
2 -1 -1
6 4 0
---
n=6,k=3,n_chips=8
3 -1 -1
2 -1 -1
2 -1 -1
3 -1 -1
2 -1 -1
5 5 0
---
n=6,k=3,n_chips=8
5 4 -1
4 -1 -1
3 -1 -1
4 -1 -1
4 -1 -1
2 2 -1
---
n=6,k=3,n_chips=8
6 3 -1
4 -1 -1
3 -1 -1
4 -1 -1
4 -1 -1
2 2 -1
---
n=6,k=3,n_chips=8
6 3 -1
3 -1 -1
3 -1 -1
3 -1 -1
3 -1 -1
2 2 -1
---
n=6,k=3,n_chips=8
5 4 -1
3 -1 -1
3 -1 -1
3 -1 -1
3 -1 -1
2 2 -1
---
n=6,k=3,n_chips=9
3 -1 -1
4 3 -1
3 -1 -1
3 -1 -1
5 4 2
2 -1 -1
---
n=6,k=3,n_chips=9
3 -1 -1
4 3 -1
3 -1 -1
3 -1 -1
6 3 2
2 -1 -1
---
n=6,k=3,n_chips=7
5 5 -1
3 -1 -1
4 -1 -1
3 -1 -1
-1 -1 -1
6 3 -1
---
n=6,k=3,n_chips=8
3 -1 -1
3 -1 -1
2 -1 -1
5 4 -1
5 3 -1
2 -1 -1
---
n=6,k=3,n_chips=9
3 -1 -1
3 -1 -1
2 -1 -1
4 4 3
5 2 -1
2 -1 -1
---
n=6,k=3,n_chips=9
5 -1 -1
3 -1 -1
5 -1 -1
5 4 3
3 2 -1
0 -1 -1
---
n=6,k=3,n_chips=9
5 -1 -1
3 -1 -1
5 -1 -1
4 1 -1
5 4 3
0 -1 -1
---
n=6,k=3,n_chips=8
6 -1 -1
4 -1 -1
6 -1 -1
5 3 -1
3 2 -1
1 -1 -1
---
n=6,k=3,n_chips=7
-1 -1 -1
4 -1 -1
6 -1 -1
5 3 -1
7 3 -1
2 -1 -1
---
n=6,k=3,n_chips=7
-1 -1 -1
5 -1 -1
7 -1 -1
5 4 -1
4 3 -1
2 -1 -1
---
n=6,k=3,n_chips=8
6 -1 -1
4 -1 -1
6 -1 -1
4 3 -1
3 2 -1
1 -1 -1
---
n=6,k=3,n_chips=7
-1 -1 -1
5 -1 -1
7 -1 -1
6 3 -1
4 3 -1
2 -1 -1
---
n=6,k=3,n_chips=8
6 -1 -1
4 -1 -1
6 -1 -1
5 2 -1
3 2 -1
1 -1 -1
---
n=6,k=3,n_chips=8
5 -1 -1
3 -1 -1
5 -1 -1
4 2 -1
6 3 -1
1 -1 -1
---
n=6,k=3,n_chips=10
4 -1 -1
4 2 -1
3 2 -1
4 -1 -1
4 3 2
1 -1 -1
---
n=6,k=3,n_chips=7
-1 -1 -1
5 4 -1
4 -1 -1
-1 -1 -1
6 5 4
4 -1 -1
---
n=6,k=3,n_chips=8
-1 -1 -1
4 4 -1
3 -1 -1
5 -1 -1
6 4 3
3 -1 -1
---
n=6,k=3,n_chips=9
4 -1 -1
4 3 -1
2 -1 -1
4 -1 -1
5 3 3
2 -1 -1
---
n=6,k=3,n_chips=8
-1 -1 -1
-1 -1 -1
4 4 -1
5 -1 -1
5 5 3
6 2 -1
---
n=6,k=3,n_chips=9
-1 -1 -1
4 -1 -1
3 3 -1
4 -1 -1
4 4 3
5 2 -1
---
n=6,k=3,n_chips=10
3 -1 -1
3 -1 -1
2 2 -1
3 -1 -1
3 3 3
4 2 -1
---
n=6,k=3,n_chips=8
5 -1 -1
3 -1 -1
4 3 3
5 -1 -1
5 -1 -1
1 -1 -1
---
n=6,k=3,n_chips=8
4 -1 -1
4 -1 -1
2 -1 -1
-1 -1 -1
6 4 4
4 4 -1
---
n=6,k=3,n_chips=8
4 -1 -1
2 -1 -1
2 -1 -1
6 -1 -1
4 4 -1
5 3 -1
---
n=6,k=3,n_chips=8
4 -1 -1
2 -1 -1
2 -1 -1
6 -1 -1
5 3 -1
5 3 -1
---
n=6,k=3,n_chips=8
3 -1 -1
2 -1 -1
2 -1 -1
6 -1 -1
4 4 -1
5 3 -1
---
n=6,k=3,n_chips=8
3 -1 -1
2 -1 -1
2 -1 -1
6 -1 -1
5 3 -1
5 3 -1
---
n=6,k=3,n_chips=7
-1 -1 -1
5 -1 -1
4 -1 -1
-1 -1 -1
7 4 4
6 3 -1
---
n=6,k=3,n_chips=8
-1 -1 -1
4 -1 -1
3 -1 -1
5 -1 -1
6 4 3
6 2 -1
---
n=6,k=3,n_chips=9
4 -1 -1
3 -1 -1
2 -1 -1
4 -1 -1
5 3 3
5 2 -1
---
n=6,k=3,n_chips=8
-1 -1 -1
4 -1 -1
3 -1 -1
4 -1 -1
6 4 3
6 2 -1
---
n=6,k=3,n_chips=9
3 -1 -1
3 -1 -1
2 -1 -1
3 -1 -1
5 3 3
5 2 -1
---
n=6,k=3,n_chips=7
4 -1 -1
3 -1 -1
2 -1 -1
2 -1 -1
6 4 -1
2 -1 -1
---
